0 73 74 30 21 17 93 56 56 2 40 8 53 35 6 84 55 93 15 36 46 77 95 81 33 68 19 88 90 29 6 61 13 40 18 90 49 50 81 58 53 61 11 13 54 10 41 80 92 65 8 29 39 50 56 37 8 79 32 6 56 43 61 77 40 65 44 71 50 17 24 78 83 33 74 11 14 82 54 49 37 27 56 17 79 34 97 90 71 29 56 66 67 95 64 78 56 40 80 10 66 35 92 91 26 34 39 39 59 81 58 85 50 78 81 86 61 88 35 81 91 30 18 15 100 38 72 34 63 88 78 24 10 55 25 91 16 14 72 40 12 68 73 85 51 42 18 75 21 58 78 24 56 15 99 60 82 37 55 52 33 56 13 27 10 96 68 9 92 74 15 76 77 81 59 44 92 3 8 13 40 76 10 17 67 21 18 3 65 80 75 12 38 69 52 73 8 73 34 7
0 0 0 0 0 0 0 55 100 66 77 93 65 68 41 11 32 99 59 19 69 54 52 4 70 17 9 35 27 73 69 79 23 25 52 27 90 35 58 13 50 44 100 44 16 18 58 57 47 93 33 55 51 72 56 43 33 93 29 61 35 21 60 53 14 91 18 73 79 23 91 97 61 6 74 70 67 69 70 51 23 83 66 90 8 60 38 40 10 18 13 33 98 68 93 99 92 64 100 32 86 9 12 43 84 81 93 84 75 71 50 75 40 94 39 31 32 18 25 56 7 19 87 30 54 44 55 74 73 20 95 77 18 44 57 36 58 29 32 65 68 33 43 16 79 50 14 15 97 84 37 72 26 66 82 80 23 52 86 96 30 84 35 49 33 51 45 58 58 13 74 51 80 59 88 13 40 56 18 90 12 87 9 12 91 24 53 23 39 88 54 26 79 13 99 15 75 75 69 57
0 0 0 0 0 0 0 8 14 27 14 16 94 63 93 12 52 5 58 91 11 18 96 38 63 71 90 14 6 3 30 28 49 69 17 50 39 72 87 25 48 100 42 83 31 16 72 18 47 28 30 5 11 85 57 59 30 27 38 81 42 32 36 3 65 64 98 31 36 51 41 52 73 10 9 32 23 58 86 76 5 79 86 78 40 94 43 23 15 48 79 79 93 26 36 66 98 16 17 84 11 52 97 58 79 54 29 68 33 101 92 85 54 5 56 10 60 43 84 67 88 32 47 72 79 85 3 73 7 45 37 3 35 33 39 69 98 57 32 48 8 62 7 71 72 90 53 51 101 82 29 14 94 19 45 101 101 18 92 18 51 2 3 57 75 16 70 20 101 40 85 38 19 75 94 57 95 3 12 87 57 28 33 46 72 89 85 54 78 41 82 61 21 98 82 36 76 65 35 33
0 0 0 0 0 0 0 35 45 81 95 18 74 47 54 2 45 24 66 85 19 30 83 21 61 45 81 51 50 92 25 67 56 22 48 75 78 37 19 29 41 86 71 13 58 60 79 6 10 77 30 69 16 35 27 24 98 38 65 88 45 26 38 30 26 22 77 79 79 65 42 18 100 85 41 71 45 55 27 4 11 33 58 98 85 67 51 61 42 17 95 58 52 65 70 66 63 92 96 26 66 37 53 86 80 45 13 94 62 4 69 22 90 23 99 81 78 86 86 3 80 53 40 24 2 32 61 62 68 89 23 58 55 58 64 4 59 25 85 2 49 24 100 12 19 55 64 11 15 84 68 15 17 67 96 85 24 38 83 87 69 41 47 96 75 73 31 25 29 77 56 19 54 30 26 39 9 62 65 57 70 55 40 33 43 51 28 51 47 5 21 84 40 4 4 41 97 4 51 43
0 0 0 0 0 0 78 97 62 48 99 100 3 6 73 68 79 22 19 83 61 56 61 87 84 51 96 33 47 59 86 24 25 62 69 10 30 49 59 40 87 75 33 92 57 91 34 82 97 19 15 82 14 14 65 78 35 36 63 2 40 36 13 83 50 27 10 12 48 82 22 50 64 10 81 27 91 34 88 11 100 83 47 31 40 41 21 85 81 101 71 60 15 93 78 78 55 71 5 26 18 17 31 64 38 89 57 75 49 44 72 35 9 46 44 60 90 16 99 48 34 26 57 58 62 80 67 91 99 76 37 44 22 14 78 43 89 3 46 97 8 54 63 30 75 35 85 51 93 82 36 77 37 30 64 11 59 12 95 66 83 68 53 25 3 85 90 94 28 90 87 69 39 70 92 59 86 56 43 63 57 16 13 91 40 3 90 50 52 73 39 77 55 14 14 91 72 61 19 95
0 0 0 0 0 0 99 33 14 22 53 75 71 57 8 43 13 42 69 64 25 36 100 16 101 30 7 54 34 91 28 75 3 10 32 24 88 96 57 9 5 97 42 13 24 44 96 71 47 79 46 79 88 2 55 7 73 97 55 101 82 5 5 100 64 52 38 84 75 2 56 76 20 76 21 24 13 10 89 52 60 55 22 32 91 98 21 100 63 78 50 10 23 45 68 92 41 79 93 95 13 87 38 71 98 33 65 32 78 42 31 67 60 35 91 41 33 26 69 31 48 95 65 21 13 41 9 30 2 71 66 2 20 7 23 100 88 38 101 29 29 88 49 57 65 97 36 96 66 67 94 4 40 82 29 6 58 66 86 14 8 91 63 66 7 3 43 58 83 39 45 41 57 75 52 64 42 93 31 12 77 75 21 21 63 84 81 42 60 48 83 79 44 38 45 31 32 79 9 24
0 0 0 0 0 0 0 10 48 59 4 88 2 82 31 7 89 76 84 15 52 3 101 82 5 70 53 76 46 7 83 81 13 62 7 5 15 3 36 43 94 75 14 2 73 46 85 8 77 69 50 90 73 8 22 87 8 25 64 52 62 44 72 63 74 82 92 80 80 71 68 99 50 32 22 76 30 22 86 75 16 58 82 13 12 85 59 76 78 90 13 64 52 53 88 57 87 76 37 55 83 18 95 55 36 92 91 21 74 28 83 69 14 70 19 33 34 87 13 8 37 96 38 74 72 47 38 59 34 78 12 89 69 93 14 9 28 93 22 62 8 19 69 69 36 34 77 84 97 62 78 54 98 47 22 12 21 4 59 55 9 44 3 79 8 62 38 14 58 21 10 22 39 48 66 68 50 55 27 41 100 18 70 35 78 71 51 14 83 27 51 4 79 99 57 31 35 22 82 45
0 0 0 0 0 0 0 0 62 70 11 34 56 19 55 13 69 74 66 56 52 11 53 100 52 79 59 11 39 95 10 86 25 78 28 99 50 11 13 67 29 26 18 45 25 42 2 90 26 29 26 87 61 63 75 21 56 77 12 68 85 30 28 11 60 26 41 45 24 28 26 99 79 80 80 82 41 80 54 70 49 36 101 58 98 46 89 88 65 88 101 44 16 85 93 58 70 20 34 17 53 68 33 53 36 94 10 72 101 16 84 3 2 49 101 81 69 93 97 76 30 40 31 5 5 83 72 87 18 98 42 55 98 15 70 28 17 84 37 82 6 60 65 62 43 90 35 5 27 56 9 36 15 78 85 51 44 50 16 24 51 26 20 5 49 89 68 28 8 48 13 63 10 3 7 71 96 99 38 16 62 81 66 75 88 38 43 8 66 37 77 20 86 79 31 35 8 60 72 76
0 0 0 0 0 0 0 0 0 45 83 90 9 52 60 93 56 96 80 8 7 73 16 85 65 31 17 36 101 46 94 2 57 20 63 95 50 11 2 62 19 50 76 16 81 36 2 44 82 66 60 43 41 84 20 100 32 34 50 82 55 24 21 77 27 47 19 69 18 101 19 2 11 85 20 76 77 77 85 100 70 56 98 91 9 97 3 52 87 87 101 84 41 35 48 46 29 87 92 30 29 45 83 84 62 10 7 62 62 75 21 29 69 76 21 84 14 21 88 40 41 2 99 56 13 34 6 93 6 93 94 50 18 46 27 34 49 87 87 45 21 70 46 37 27 39 75 65 19 61 80 97 16 42 45 71 50 67 2 66 84 13 35 30 76 22 56 78 88 25 62 35 81 85 73 37 8 10 56 93 27 29 54 32 17 3 25 84 45 40 88 79 78 20 30 10 35 21 43 28
0 0 0 0 0 0 0 0 0 0 99 68 27 82 80 14 43 59 17 25 49 77 59 74 58 53 100 31 100 78 24 72 81 58 6 87 35 97 82 19 6 3 43 25 35 28 69 63 50 96 61 23 65 46 74 80 101 10 91 17 37 81 17 19 29 81 39 18 41 22 30 37 18 32 37 14 99 88 64 70 7 22 88 87 28 99 77 53 36 23 11 44 87 68 3 84 38 61 24 91 4 48 79 5 98 89 97 62 80 24 93 25 18 49 6 90 39 81 37 73 43 89 55 26 3 54 11 29 87 38 33 20 20 26 49 48 91 13 25 45 95 31 21 27 77 44 89 20 32 69 36 96 20 21 85 73 89 40 35 77 55 47 54 69 19 63 6 31 13 39 72 43 56 16 51 87 33 36 94 82 7 51 70 47 57 32 55 40 65 78 72 70 49 43 54 23 5 91 17 75
0 0 0 0 0 0 0 0 0 0 0 59 21 49 30 14 66 69 79 62 41 6 94 68 30 3 43 74 4 95 69 58 19 7 95 99 49 15 83 43 71 21 59 75 82 14 96 65 18 49 83 98 98 7 4 101 21 11 71 2 83 94 25 2 32 13 36 67 41 98 11 48 59 18 76 62 4 67 45 94 63 26 79 67 10 37 64 30 14 11 57 3 25 73 29 30 4 10 72 58 50 49 4 67 12 14 40 16 49 94 47 12 92 94 77 2 28 59 29 27 92 26 41 25 21 81 86 98 33 40 5 62 48 58 27 37 95 9 69 36 69 13 48 82 40 84 80 44 47 43 61 54 89 79 59 44 75 37 30 44 65 62 45 26 85 62 54 33 66 62 88 83 60 34 79 35 19 76 69 65 6 48 45 8 45 64 65 80 61 37 48 42 92 23 80 25 11 63 60 92
0 0 0 0 0 0 0 0 0 0 0 0 60 67 100 77 36 9 100 10 23 35 55 53 10 48 96 10 50 96 10 74 77 89 44 47 57 49 96 24 13 21 26 34 25 13 45 70 86 101 15 33 3 86 61 53 75 23 20 46 28 46 31 7 73 73 25 97 31 42 76 98 43 26 60 5 21 48 7 75 40 91 12 15 70 28 72 38 72 23 33 12 13 62 22 42 95 80 34 77 67 6 55 59 14 25 57 38 58 11 91 47 25 52 30 17 30 53 7 30 28 15 52 25 90 58 43 35 48 13 4 71 69 62 27 10 22 17 100 24 26 18 27 3 8 63 21 18 68 36 71 41 98 63 41 51 55 22 49 80 100 94 13 53 87 76 10 89 34 69 89 15 94 80 46 34 37 32 24 74 53 22 48 57 73 73 57 64 34 50 50 56 97 58 23 69 79 21 83 2
0 0 0 0 0 0 0 0 0 0 0 0 0 92 6 54 99 30 64 50 71 10 40 2 81 4 49 24 76 44 77 67 72 36 44 93 99 83 58 57 32 101 7 37 89 47 86 71 33 65 17 60 60 35 40 81 11 96 14 50 63 5 32 84 5 67 14 19 74 80 86 15 8 61 94 13 96 12 57 54 44 67 34 5 10 55 42 3 72 51 25 99 67 49 32 100 4 13 46 9 4 48 74 86 74 96 36 74 37 101 101 61 55 96 59 33 97 56 74 67 51 31 41 5 95 6 63 72 100 41 71 50 15 45 13 32 55 78 2 91 30 86 83 46 15 22 90 63 63 29 14 37 5 37 14 68 25 90 69 41 65 38 52 61 40 79 48 97 53 85 37 43 77 37 76 52 14 58 100 78 25 28 100 83 69 90 75 15 7 32 89 72 21 66 83 64 44 61 72 71
0 0 0 0 0 0 0 0 0 0 0 0 0 0 55 13 13 10 43 38 33 4 26 70 19 67 50 75 5 75 31 96 41 3 21 83 55 12 82 68 29 36 6 62 46 82 48 30 41 8 12 41 96 61 61 52 83 61 101 40 49 72 51 30 45 68 70 47 81 26 10 41 9 63 3 50 4 26 78 47 35 90 43 81 94 47 5 16 27 67 43 80 55 15 61 61 55 59 25 13 88 72 8 30 77 2 18 6 96 80 61 42 5 24 100 24 46 15 86 86 25 47 79 90 14 87 9 15 97 88 12 10 41 22 82 15 53 38 27 26 34 6 66 71 85 15 86 13 77 52 3 26 62 96 48 54 29 4 53 54 46 27 3 88 77 24 2 23 23 51 9 39 78 32 28 8 63 80 46 26 60 96 84 14 59 2 91 86 80 9 44 38 94 6 29 77 85 66 78 16
0 0 0 0 0 0 0 0 0 0 0 0 0 0 0 74 88 99 32 61 54 2 47 68 8 45 4 46 87 59 40 37 26 38 11 26 55 75 15 41 89 66 88 20 58 87 92 59 55 75 53 69 11 65 25 52 38 5 60 83 78 42 64 82 90 62 98 88 20 49 76 9 88 2 63 88 41 91 31 89 82 36 78 80 65 48 51 57 84 52 9 23 95 58 40 58 94 11 65 43 27 91 66 37 85 34 18 74 17 78 4 10 95 82 78 61 24 33 64 72 17 99 68 43 25 7 37 23 42 76 98 61 71 101 16 15 14 30 72 54 43 17 74 40 77 67 23 42 74 67 87 38 7 45 35 28 45 45 53 44 50 98 28 33 68 93 59 56 62 2 43 28 44 58 99 3 101 95 77 64 19 29 79 88 48 62 30 54 57 95 76 77 19 82 21 89 64 50 58 80
0 0 0 0 0 0 0 0 0 0 0 0 0 0 0 0 2 37 65 35 55 9 4 30 61 31 63 7 4 12 18 12 80 39 63 6 40 73 28 66 82 17 49 79 88 59 95 48 6 26 52 26 18 85 35 93 18 69 61 49 79 48 97 77 27 89 89 39 95 15 33 7 44 100 87 93 69 86 88 65 60 96 44 77 49 96 51 100 8 12 34 19 25 15 99 31 73 42 51 14 76 68 42 61 86 76 50 92 89 57 22 79 23 89 72 7 98 41 74 22 6 66 57 77 41 24 11 19 87 75 9 33 77 21 70 16 22 75 92 61 83 80 43 44 43 35 27 9 20 68 22 64 97 2 90 76 71 34 76 29 45 94 34 24 45 32 17 29 93 17 70 85 36 81 85 3 15 88 7 87 70 24 95 89 100 71 93 48 18 54 11 76 88 11 23 15 20 86 18 21
0 0 0 0 0 0 0 0 0 0 0 0 0 0 0 0 0 12 39 66 17 27 18 71 73 63 32 50 83 7 43 84 55 77 77 86 71 97 88 11 86 18 76 101 83 65 82 6 94 63 68 52 87 78 35 4 27 48 41 35 18 73 45 50 68 13 94 24 84 101 43 20 30 44 46 92 53 66 73 77 84 17 65 45 33 90 66 73 27 63 17 47 2 62 75 39 2 70 98 50 2 63 85 50 71 82 32 35 40 33 96 42 88 71 20 99 51 100 50 54 5 99 26 52 7 80 20 24 100 5 52 13 39 38 100 23 70 6 75 76 23 72 87 22 64 89 5 31 27 88 85 19 87 20 84 98 40 73 61 13 55 61 69 30 64 72 43 69 23 51 92 67 21 34 16 84 82 26 42 91 49 34 42 9 98 46 30 15 80 85 68 93 96 66 91 59 84 86 36 32
0 0 0 0 0 0 0 0 0 0 0 0 0 0 0 0 0 0 16 34 13 15 55 32 26 88 74 88 75 50 73 50 100 47 101 80 14 98 69 16 100 16 53 82 79 78 49 58 74 52 8 45 73 101 46 77 26 41 35 92 38 2 73 22 37 36 86 21 25 13 73 23 81 28 22 78 4 45 73 23 59 78 38 7 100 56 19 63 39 55 57 69 57 91 21 39 11 43 17 69 34 22 50 81 50 54 3 73 64 71 17 17 99 86 47 20 71 8 20 15 91 16 19 10 46 93 4 43 54 53 30 40 18 2 86 67 67 3 35 5 22 4 71 15 37 29 40 69 31 73 3 63 90 42 50 81 67 84 99 99 79 4 35 74 31 54 30 15 48 11 46 82 26 14 99 87 74 56 31 44 52 17 93 70 21 69 2 101 23 46 20 5 68 87 83 46 27 50 23 66
0 0 0 0 0 0 0 0 0 0 0 0 0 0 0 0 0 0 0 69 50 98 6 37 85 37 25 98 36 90 82 13 49 56 34 67 43 87 13 91 94 63 28 4 26 75 20 33 60 36 42 35 5 29 4 93 28 29 46 31 90 90 64 35 72 23 40 93 11 39 28 58 36 43 37 81 11 41 73 13 35 96 12 12 101 85 43 82 42 89 12 62 7 8 36 28 34 17 41 60 45 84 61 98 58 67 99 97 54 38 55 56 8 11 46 52 29 6 16 4 7 40 9 88 52 36 57 28 22 85 28 13 4 45 38 101 3 36 88 88 34 64 65 98 70 51 31 69 79 27 38 61 58 25 79 93 44 53 35 74 90 31 78 81 48 3 60 9 18 86 18 38 61 15 33 37 91 16 5 2 39 76 40 100 4 96 87 46 82 73 72 60 56 44 51 73 52 90 7 96
0 0 0 0 0 0 0 0 0 0 0 0 0 0 0 0 0 0 0 0 61 54 37 24 82 37 24 85 97 3 30 41 99 43 81 77 19 88 63 14 94 77 48 11 30 57 13 94 70 7 4 64 18 26 43 6 54 95 21 76 64 16 33 5 26 39 97 52 62 67 3 27 6 28 33 32 16 63 80 90 36 93 58 13 60 17 99 54 91 65 81 66 56 50 96 80 100 41 23 18 98 18 83 90 45 81 21 19 69 4 15 34 34 53 58 33 79 29 10 85 34 4 101 39 15 15 12 28 97 82 59 67 40 43 63 43 87 25 69 40 48 50 94 12 84 35 100 89 98 58 34 100 77 18 19 36 101 85 38 89 57 16 17 50 77 73 13 38 85 9 96 39 23 43 40 7 25 37 57 68 78 86 63 88 29 77 92 42 21 91 39 9 43 80 42 68 3 72 35 75
0 0 0 0 0 0 0 0 0 0 0 0 0 0 0 0 0 0 0 0 0 67 92 9 101 66 16 81 78 10 52 2 73 101 11 60 11 101 46 25 32 68 8 20 31 23 66 52 95 3 39 88 6 41 86 91 66 48 24 38 28 67 99 54 3 96 29 78 7 9 47 97 33 25 49 10 9 59 44 93 46 99 46 90 42 74 2 12 101 27 47 13 91 77 96 30 25 5 11 11 7 22 72 54 75 40 4 56 84 75 52 76 93 27 43 2 89 35 2 28 27 69 99 72 80 68 17 70 73 38 101 38 8 66 41 80 101 86 51 11 70 6 5 65 44 13 84 10 40 7 35 99 15 49 92 2 72 17 13 54 90 55 62 76 29 74 65 32 60 87 7 12 73 24 21 22 20 4 26 43 45 5 31 82 49 7 5 46 99 24 47 36 26 30 66 96 71 30 46 100
0 0 0 0 0 0 0 0 0 0 0 0 0 0 0 0 0 0 0 0 0 0 15 85 9 67 28 98 78 66 2 88 69 41 71 61 65 82 16 13 16 51 60 7 97 9 7 66 78 64 12 9 68 77 22 84 88 95 64 35 17 4 69 5 28 17 33 56 22 92 17 96 43 43 53 51 86 81 25 85 59 58 24 98 54 21 40 13 96 44 43 52 38 32 25 40 74 72 98 57 7 66 81 89 41 18 6 27 12 45 28 55 100 92 23 81 99 36 43 95 4 65 80 63 52 41 88 65 73 89 40 40 92 14 91 30 42 88 21 64 69 86 44 48 81 51 56 69 43 100 24 92 23 11 84 76 44 58 67 4 57 7 20 52 39 85 60 41 87 91 95 49 52 97 64 88 51 62 24 17 76 52 78 74 32 57 82 32 83 75 8 83 72 51 45 91 68 32 62 95
0 0 0 0 0 0 0 0 0 0 0 0 0 0 0 0 0 0 0 0 0 0 0 33 85 44 5 30 51 10 72 11 8 48 29 82 24 71 25 94 27 81 84 37 93 79 98 56 61 94 99 91 7 26 65 6 66 45 49 98 79 67 65 43 95 44 80 94 27 21 45 70 93 72 34 6 91 68 7 86 67 51 44 101 84 73 55 87 7 9 25 37 95 29 46 3 69 7 21 86 25 6 41 86 30 94 45 81 39 64 12 77 49 61 57 41 59 25 56 58 50 100 61 69 27 32 2 62 11 86 26 32 87 101 98 5 84 63 12 36 5 31 58 46 21 88 54 15 39 2 65 39 96 20 73 40 9 99 48 63 51 40 65 81 66 81 69 90 79 85 24 35 53 62 9 50 2 4 12 98 75 62 52 48 72 75 39 5 42 28 69 57 60 12 14 71 2 38 26 42
0 0 0 0 0 0 0 0 0 0 0 0 0 0 0 0 0 0 0 0 0 0 0 0 52 67 100 69 52 23 97 44 3 84 81 18 78 30 57 48 7 22 9 27 27 55 57 31 35 51 72 29 94 55 12 89 40 13 47 47 4 67 64 60 79 90 10 97 25 15 65 57 94 69 41 92 84 18 84 95 18 66 51 54 93 8 20 34 24 53 86 4 35 19 15 54 12 24 15 46 44 60 22 80 25 39 18 11 18 67 76 65 50 60 26 87 40 79 73 45 44 33 47 67 29 79 99 28 55 44 79 5 99 32 16 56 11 57 70 59 33 14 4 36 83 44 72 51 17 49 49 90 5 16 39 92 37 80 47 83 89 70 46 92 4 55 17 22 78 53 33 51 80 23 5 3 16 15 74 14 61 100 74 83 10 2 24 31 21 96 91 100 96 18 33 48 38 73 8 80
0 0 0 0 0 0 0 0 0 0 0 0 0 0 0 0 0 0 0 0 0 0 0 0 0 88 51 35 53 30 26 19 68 64 39 88 17 97 94 89 8 84 16 88 90 81 16 19 43 4 38 14 32 68 12 39 60 13 92 84 20 15 32 60 3 2 33 33 46 38 22 93 70 30 69 16 13 58 56 64 91 27 98 41 5 31 11 42 82 97 21 27 56 52 87 69 50 35 44 65 5 58 95 60 99 77 68 49 96 20 5 24 16 45 29 39 72 75 42 50 76 25 57 9 70 56 28 50 45 26 81 23 64 19 70 101 26 20 28 91 82 69 64 97 29 51 90 31 86 13 16 72 34 96 21 21 89 74 31 45 83 69 78 62 15 78 17 87 19 71 8 33 57 92 52 100 41 78 16 101 18 24 68 72 26 85 85 37 20 29 92 59 20 8 47 65 67 101 20 90
0 0 0 0 0 0 0 0 0 0 0 0 0 0 0 0 0 0 0 0 0 0 0 0 0 0 91 81 24 49 10 100 77 12 97 40 58 46 69 30 49 87 38 95 86 67 88 33 78 90 17 7 61 43 63 32 14 37 32 63 34 77 66 95 29 48 94 78 52 15 37 37 77 82 3 50 17 62 83 46 58 50 26 58 34 41 26 36 32 66 89 98 25 47 74 73 86 16 42 72 94 72 59 83 13 74 73 48 35 13 62 17 8 4 77 21 88 58 35 50 18 3 37 99 41 9 44 66 56 63 94 40 11 66 9 40 83 47 34 16 73 43 94 28 77 48 93 26 6 48 9 98 91 99 81 87 45 43 43 42 29 35 36 60 77 3 94 55 30 55 19 80 69 95 79 7 81 44 17 93 11 99 85 46 55 12 20 22 59 37 94 82 94 83 26 49 11 8 3 64
0 0 0 0 0 0 0 0 0 0 0 0 0 0 0 0 0 0 0 0 0 0 0 0 0 0 0 11 61 19 50 5 21 78 50 5 48 38 90 87 86 69 91 9 29 96 71 9 80 37 87 42 75 7 10 37 83 87 39 60 33 18 95 11 71 18 73 22 41 55 5 73 74 95 26 50 21 15 97 27 43 5 63 36 22 101 101 43 10 14 82 2 8 65 31 49 15 12 51 22 63 52 7 100 84 40 45 42 32 43 89 98 61 76 16 91 79 90 89 93 69 95 40 38 62 80 52 30 38 42 50 17 67 34 16 8 16 22 40 14 62 20 97 42 94 95 93 10 56 3 66 66 86 55 7 100 21 44 74 53 98 97 2 32 77 19 7 25 58 38 38 78 27 46 50 40 30 69 74 39 53 2 84 85 54 17 29 73 16 21 38 68 22 28 31 90 11 20 17 30
0 0 0 0 0 0 0 0 0 0 0 0 0 0 0 0 0 0 0 0 0 0 0 0 0 0 0 0 20 31 57 65 29 21 87 70 72 34 31 7 45 72 78 58 92 36 22 30 2 27 21 94 16 84 80 56 48 56 88 26 14 71 20 98 82 6 11 32 82 71 67 73 46 10 32 70 70 36 64 59 73 59 9 26 19 3 50 37 58 96 96 32 95 77 39 64 44 79 23 101 33 38 52 51 101 87 6 29 57 97 83 33 67 85 22 17 51 61 61 85 15 98 60 88 58 71 85 73 24 99 63 21 38 9 32 12 52 80 10 31 63 96 32 88 33 9 8 92 70 16 8 99 50 75 65 68 90 71 85 24 57 25 93 61 17 27 43 30 93 52 2 44 50 16 4 97 95 67 90 18 82 88 74 97 6 44 54 90 51 34 33 39 49 82 11 23 58 63 53 9
0 0 0 0 0 0 0 0 0 0 0 0 0 0 0 0 0 0 0 0 0 0 0 0 0 0 0 0 0 53 65 84 3 48 10 86 55 69 73 14 21 57 59 12 3 62 64 90 10 26 79 7 6 46 68 15 84 17 68 64 38 69 63 55 41 23 38 49 79 94 21 4 77 29 49 2 84 33 99 60 7 83 12 97 64 98 95 44 46 52 6 23 9 101 63 76 6 89 28 19 42 49 95 85 79 75 29 25 66 77 11 32 100 58 6 36 44 41 57 70 93 57 90 97 54 38 70 69 22 62 76 34 48 65 94 4 24 10 26 88 66 66 88 43 3 10 73 13 87 22 77 14 100 70 87 37 85 98 73 32 4 21 10 39 7 59 73 62 44 81 53 4 32 30 86 86 32 56 77 57 8 16 62 30 12 70 50 36 34 10 75 5 89 9 78 81 7 95 68 64
0 0 0 0 0 0 0 0 0 0 0 0 0 0 0 0 0 0 0 0 0 0 0 0 0 0 0 0 0 0 9 30 69 81 61 31 22 72 83 62 75 82 15 11 57 32 76 86 6 71 92 64 60 24 83 3 97 88 76 66 29 7 99 77 53 46 85 76 82 28 62 17 33 85 62 40 38 94 68 36 41 32 46 26 14 73 96 36 32 14 12 80 81 83 97 35 50 5 40 100 50 91 69 70 37 20 69 37 89 14 26 93 83 66 62 12 58 15 92 39 75 60 61 54 31 22 101 27 4 81 84 82 24 5 72 40 63 65 33 56 32 88 10 50 70 57 75 8 51 16 22 39 35 21 34 12 39 20 88 40 42 38 90 74 81 7 51 97 2 6 94 34 81 58 93 39 78 89 17 3 7 33 55 16 83 97 3 28 29 54 95 65 53 59 101 82 92 13 7 35
0 0 0 0 0 0 0 0 0 0 0 0 0 0 0 0 0 0 0 0 0 0 0 0 0 0 0 0 0 0 0 42 100 12 35 44 19 78 79 71 27 28 85 11 2 78 9 76 85 26 34 58 2 56 93 40 88 69 32 24 93 7 20 93 77 101 58 48 73 61 27 74 70 7 42 81 45 48 80 57 12 53 4 88 61 33 94 80 51 44 85 38 16 42 45 88 23 74 69 92 46 43 96 52 5 85 70 47 2 55 43 60 2 50 46 3 51 3 18 46 75 101 17 64 4 99 53 5 45 92 67 57 93 20 94 98 67 12 63 39 12 28 86 101 39 21 23 45 19 24 94 52 58 31 13 21 78 50 47 90 99 45 46 73 34 44 76 83 29 79 41 72 66 85 71 37 17 32 54 5 11 72 89 46 32 19 26 56 54 36 48 24 20 93 74 75 87 59 30 2
0 0 0 0 0 0 0 0 0 0 0 0 0 0 0 0 0 0 0 0 0 0 0 0 0 0 0 0 0 0 0 0 101 25 7 11 82 65 79 68 49 25 29 38 19 36 89 69 40 97 34 53 2 12 56 92 73 78 41 79 53 72 87 58 11 67 95 14 11 63 47 6 21 14 55 9 57 73 95 34 56 49 6 95 38 73 86 16 54 19 59 23 48 22 37 48 62 67 38 75 81 30 26 30 90 15 61 2 45 100 40 82 101 43 62 10 39 101 21 69 87 89 60 65 18 68 64 46 27 68 52 82 18 18 23 6 36 66 98 35 77 88 78 46 74 91 95 101 13 57 48 75 94 9 59 75 66 52 97 52 100 3 14 99 24 21 50 93 29 71 101 85 40 27 33 29 77 3 34 29 68 48 8 33 48 12 82 80 3 46 74 22 93 27 99 12 17 50 25 24
0 0 0 0 0 0 0 0 0 0 0 0 0 0 0 0 0 0 0 0 0 0 0 0 0 0 0 0 0 0 0 0 0 90 45 73 14 8 73 30 56 100 68 73 99 57 84 46 7 83 29 19 29 62 62 8 79 7 54 67 33 43 2 26 71 72 14 15 8 88 75 39 62 92 49 49 2 83 4 56 43 91 58 96 96 86 44 98 47 11 44 62 80 25 49 55 2 2 79 57 5 33 12 9 76 12 18 29 80 21 90 93 56 74 58 21 45 72 40 55 22 86 67 46 6 54 38 61 33 40 48 7 83 78 94 56 83 85 36 67 26 97 13 7 65 56 64 86 51 21 53 74 30 23 45 32 15 98 33 53 47 47 18 32 61 46 6 7 46 65 69 99 91 32 22 91 2 78 94 80 58 87 17 28 60 29 2 44 33 50 10 50 16 45 22 66 29 31 43 5
0 0 0 0 0 0 0 0 0 0 0 0 0 0 0 0 0 0 0 0 0 0 0 0 0 0 0 0 0 0 0 0 0 0 85 95 13 99 18 19 80 27 11 20 48 66 43 22 47 90 77 12 26 93 89 95 79 60 80 4 63 46 65 80 84 16 71 94 83 30 74 18 26 44 23 14 47 36 7 98 53 29 49 61 23 99 22 66 59 25 54 35 6 14 74 65 67 65 38 94 98 14 42 89 83 35 29 79 24 96 20 28 77 67 4 25 10 19 23 63 24 69 65 69 7 92 33 18 80 56 36 63 34 85 82 44 57 30 13 33 14 34 85 52 21 40 80 79 55 81 9 57 15 2 75 100 63 74 82 3 61 86 45 41 61 24 72 38 54 64 16 37 72 26 17 40 88 41 26 6 88 35 72 2 17 101 78 92 86 63 57 20 84 21 67 76 59 38 31 24
0 0 0 0 0 0 0 0 0 0 0 0 0 0 0 0 0 0 0 0 0 0 0 0 0 0 0 0 0 0 0 0 0 0 0 32 73 37 35 47 54 35 92 30 58 34 48 13 61 41 3 68 2 9 19 39 23 82 56 96 24 81 12 57 72 51 83 48 6 94 61 12 66 86 82 12 58 26 70 42 31 58 16 18 49 87 21 33 55 64 11 56 65 40 97 30 3 13 16 42 17 16 16 91 93 6 14 38 21 60 3 42 32 91 3 96 84 48 34 97 98 87 42 62 48 95 80 73 29 18 95 90 91 6 56 40 15 45 5 27 70 39 100 72 57 13 22 25 40 7 79 7 98 35 83 65 59 44 75 70 33 69 75 8 6 64 100 84 10 16 44 81 43 101 4 31 40 27 68 29 63 86 15 15 35 56 50 74 63 47 64 12 99 70 54 38 8 72 6 16
0 0 0 0 0 0 0 0 0 0 0 0 0 0 0 0 0 0 0 0 0 0 0 0 0 0 0 0 0 0 0 0 0 0 0 0 45 45 98 14 6 58 98 59 47 78 53 78 70 69 54 60 83 97 15 78 79 42 68 55 25 3 42 14 13 82 90 4 79 34 31 60 37 83 41 35 49 91 62 25 22 52 86 50 67 40 63 53 53 89 47 77 75 23 19 19 35 85 36 57 98 77 72 79 18 21 93 77 42 61 20 30 50 39 66 44 62 56 45 21 52 7 68 56 97 45 92 22 84 84 67 50 100 14 100 86 53 86 48 101 51 92 88 9 74 101 51 78 86 42 31 8 90 11 95 43 63 51 11 80 17 30 24 71 12 24 90 60 70 73 87 37 78 46 43 27 23 98 2 3 54 26 76 23 14 55 42 99 57 35 28 14 28 4 73 48 26 99 86 64
0 0 0 0 0 0 0 0 0 0 0 0 0 0 0 0 0 0 0 0 0 0 0 0 0 0 0 0 0 0 0 0 0 0 0 0 0 54 85 75 74 2 74 58 64 4 8 91 98 62 39 89 20 100 40 30 21 79 22 41 80 68 18 79 23 12 54 70 67 40 69 29 2 17 54 7 56 89 14 27 96 66 25 28 4 17 66 66 49 71 41 53 82 58 45 6 99 68 28 71 56 64 74 29 97 14 35 48 5 10 44 56 22 58 16 30 97 79 95 100 40 6 89 48 81 8 31 18 27 80 11 16 57 56 79 54 39 28 40 39 31 12 7 2 89 63 100 100 10 39 93 55 58 20 54 12 69 90 37 33 26 2 80 84 25 17 89 39 11 37 27 44 46 86 21 100 33 84 71 3 19 18 50 25 36 55 28 4 15 20 13 38 4 25 64 9 77 50 56 22
0 0 0 0 0 0 0 0 0 0 0 0 0 0 0 0 0 0 0 0 0 0 0 0 0 0 0 0 0 0 0 0 0 0 0 0 0 0 82 56 38 28 31 50 24 22 83 72 86 95 66 98 89 58 19 20 95 90 22 84 12 12 18 89 33 66 11 75 43 28 47 55 61 46 13 3 46 21 76 92 57 15 37 70 62 64 4 46 25 75 95 61 83 13 53 64 67 93 39 68 89 42 99 65 94 39 59 99 91 44 76 27 30 99 81 46 94 90 52 11 42 42 75 25 2 63 46 29 14 73 57 20 86 17 15 52 81 44 96 52 99 13 54 73 84 60 11 2 21 52 66 46 61 40 21 95 5 37 97 37 55 61 98 92 94 34 54 29 4 84 17 99 23 21 48 75 76 21 69 70 3 40 87 81 22 10 56 51 53 87 52 42 36 97 77 80 82 52 6 96
0 0 0 0 0 0 0 0 0 0 0 0 0 0 0 0 0 0 0 0 0 0 0 0 0 0 0 0 0 0 0 0 0 0 0 0 0 0 0 17 32 27 77 92 27 55 25 24 98 22 94 60 21 26 21 45 70 60 18 21 81 2 37 43 36 99 16 14 4 70 15 84 63 34 2 5 83 32 45 64 16 91 80 57 59 4 56 57 94 28 33 4 69 54 43 49 94 30 78 96 3 59 15 14 22 32 47 55 26 49 11 65 18 91 60 43 100 97 42 30 79 13 99 77 83 41 29 66 33 38 38 91 87 45 87 85 69 45 2 8 70 20 72 38 32 31 57 2 89 62 59 14 50 49 74 63 67 9 19 68 96 13 81 13 41 85 20 27 57 49 30 86 83 13 94 40 68 14 88 33 68 69 95 54 11 18 31 83 77 64 82 11 96 93 91 31 23 6 8 87
0 0 0 0 0 0 0 0 0 0 0 0 0 0 0 0 0 0 0 0 0 0 0 0 0 0 0 0 0 0 0 0 0 0 0 0 0 0 0 0 4 60 84 72 80 93 6 56 52 45 28 65 47 20 31 76 39 19 52 37 64 15 100 40 52 50 83 5 23 98 92 24 17 92 92 81 30 26 65 99 26 33 50 3 74 66 87 79 81 31 52 7 51 97 64 41 15 42 63 76 45 46 15 83 50 27 72 61 2 30 59 76 25 63 9 15 88 82 75 94 42 21 88 14 49 7 34 55 28 94 14 94 12 28 40 78 38 67 32 64 4 64 41 2 10 11 35 40 82 89 59 2 11 96 36 76 36 78 16 8 26 9 5 44 49 76 80 70 75 92 50 81 72 12 65 63 92 65 10 83 39 10 60 29 54 38 61 84 63 90 32 42 68 23 46 56 53 47 89 84
0 0 0 0 0 0 0 0 0 0 0 0 0 0 0 0 0 0 0 0 0 0 0 0 0 0 0 0 0 0 0 0 0 0 0 0 0 0 0 0 0 63 63 87 34 30 35 30 94 30 84 16 14 41 18 33 2 70 7 48 22 95 43 41 40 49 13 46 27 28 14 62 71 52 35 64 16 62 30 87 8 75 57 62 90 7 77 2 80 78 76 35 14 5 98 98 19 25 39 12 70 101 91 89 63 40 101 17 92 38 85 22 91 66 27 78 61 86 51 63 38 71 29 78 36 3 45 40 43 5 73 46 51 11 67 60 100 74 41 75 7 24 38 96 7 23 18 40 7 99 23 53 43 48 76 77 100 89 87 33 53 91 45 43 25 8 5 58 12 82 60 41 55 59 95 54 23 37 37 99 92 36 19 69 72 85 16 54 35 3 18 40 23 62 47 91 10 9 77 37
0 0 0 0 0 0 0 0 0 0 0 0 0 0 0 0 0 0 0 0 0 0 0 0 0 0 0 0 0 0 0 0 0 0 0 0 0 0 0 0 0 0 12 83 13 21 65 7 29 2 25 57 69 45 14 25 13 67 86 86 100 13 10 88 99 57 20 17 12 87 58 48 99 61 16 65 25 39 94 80 53 36 52 74 55 69 6 66 27 52 9 87 81 80 13 5 9 64 48 37 66 98 21 16 19 18 79 17 85 27 73 25 80 63 66 87 39 5 51 71 80 13 11 101 71 16 91 26 47 17 35 24 49 25 86 30 50 72 63 26 24 95 95 11 9 90 10 54 12 16 7 62 58 62 59 74 75 42 14 76 38 55 2 19 93 23 7 68 81 61 83 90 88 80 89 13 92 18 4 42 22 25 11 46 44 79 66 87 46 24 19 62 49 62 4 91 61 70 4 101
0 0 0 0 0 0 0 0 0 0 0 0 0 0 0 0 0 0 0 0 0 0 0 0 0 0 0 0 0 0 0 0 0 0 0 0 0 0 0 0 0 0 0 68 63 80 18 44 86 20 29 70 22 48 59 5 23 76 81 6 62 53 27 74 25 54 89 22 74 48 75 86 26 20 31 99 71 90 87 83 99 70 72 76 53 30 56 15 26 85 68 61 69 6 72 51 73 100 17 43 29 47 29 60 43 26 76 40 13 22 70 73 67 65 75 63 99 26 22 24 7 83 73 69 72 10 10 8 98 57 21 88 66 23 36 33 29 71 68 13 32 82 28 68 58 89 28 81 81 51 20 42 41 61 57 7 15 64 21 41 95 15 72 36 99 43 26 41 89 6 76 56 11 22 75 33 70 20 69 49 99 31 96 81 87 89 15 100 29 48 28 38 90 27 61 21 82 52 38 86
0 0 0 0 0 0 0 0 0 0 0 0 0 0 0 0 0 0 0 0 0 0 0 0 0 0 0 0 0 0 0 0 0 0 0 0 0 0 0 0 0 0 0 0 70 60 69 82 37 30 35 54 44 54 79 65 64 15 72 39 52 17 87 77 64 76 46 75 96 44 63 56 35 62 25 19 25 70 70 88 68 21 27 85 81 95 5 7 49 43 65 66 37 27 27 19 44 42 64 87 51 23 62 97 74 80 93 96 94 22 15 88 33 68 33 38 72 37 55 35 2 5 16 83 58 29 51 88 5 16 2 60 74 34 75 96 45 42 86 48 55 101 24 99 9 72 81 64 54 8 47 77 22 7 3 53 44 50 78 19 9 30 64 2 13 27 27 68 69 59 96 40 44 101 80 101 93 79 5 61 90 3 71 23 14 90 51 55 27 60 47 43 45 67 66 22 36 87 9 40
0 0 0 0 0 0 0 0 0 0 0 0 0 0 0 0 0 0 0 0 0 0 0 0 0 0 0 0 0 0 0 0 0 0 0 0 0 0 0 0 0 0 0 0 0 78 26 80 60 50 61 70 6 51 20 76 54 64 43 58 57 9 64 44 72 26 13 59 46 77 89 4 63 41 81 33 66 12 99 92 50 94 76 98 77 65 69 8 88 25 90 42 61 91 83 67 95 37 89 83 9 29 99 61 70 82 49 10 40 70 88 40 25 89 26 48 7 6 32 49 7 51 16 79 67 81 56 90 91 68 60 30 70 90 25 64 87 11 4 89 34 32 68 52 14 89 57 14 60 45 82 4 32 67 28 76 8 72 88 13 71 38 13 50 41 44 77 84 65 54 68 56 91 37 98 74 14 38 23 59 33 7 80 65 50 98 91 97 29 34 101 59 14 29 5 28 77 58 70 17
0 0 0 0 0 0 0 0 0 0 0 0 0 0 0 0 0 0 0 0 0 0 0 0 0 0 0 0 0 0 0 0 0 0 0 0 0 0 0 0 0 0 0 0 0 0 17 16 91 94 30 80 24 96 33 99 3 95 55 5 37 78 17 38 21 10 37 24 70 77 71 45 31 87 64 20 26 46 59 20 90 86 83 26 17 17 98 89 5 47 67 41 10 82 50 94 98 53 33 27 34 72 101 75 56 42 78 10 81 15 52 74 95 5 7 97 8 23 63 49 97 85 76 87 2 39 21 68 19 15 75 95 65 31 15 33 63 17 32 85 2 64 66 15 4 98 85 79 39 52 9 90 69 39 48 74 27 61 98 82 60 77 88 37 37 3 15 39 38 20 67 84 3 35 30 80 77 82 16 27 65 45 22 14 35 52 56 80 53 96 101 15 77 58 48 65 53 48 50 76
0 0 0 0 0 0 0 0 0 0 0 0 0 0 0 0 0 0 0 0 0 0 0 0 0 0 0 0 0 0 0 0 0 0 0 0 0 0 0 0 0 0 0 0 0 0 0 65 90 4 100 46 28 79 16 44 73 40 28 24 40 70 7 7 21 90 81 29 30 88 18 23 58 79 16 23 75 38 95 20 24 20 56 91 57 25 98 43 60 8 24 62 52 31 47 74 98 51 61 33 25 77 20 23 16 22 88 31 67 99 98 63 49 81 14 61 88 92 19 82 20 10 21 67 57 36 65 50 14 49 4 18 14 80 90 99 65 79 72 69 6 47 60 16 100 47 49 66 34 35 13 57 64 83 72 83 33 69 7 100 73 84 61 24 48 75 4 83 87 90 101 13 99 18 7 62 85 5 88 30 56 2 21 11 63 21 34 47 54 33 8 84 54 21 65 32 34 21 6 35
0 0 0 0 0 0 0 0 0 0 0 0 0 0 0 0 0 0 0 0 0 0 0 0 0 0 0 0 0 0 0 0 0 0 0 0 0 0 0 0 0 0 0 0 0 0 0 0 76 71 86 81 54 63 61 15 94 82 93 69 59 65 12 89 5 3 42 27 35 87 44 85 63 30 62 50 84 19 3 8 11 50 100 82 6 97 56 79 27 67 50 22 2 44 94 94 23 24 8 2 15 37 101 25 39 5 78 8 4 17 71 73 52 22 77 35 62 31 57 5 21 4 47 8 9 28 76 91 49 70 13 37 81 85 27 73 53 20 26 41 28 62 29 96 2 81 65 19 20 75 49 22 63 90 65 9 45 3 76 28 39 81 42 71 60 32 52 87 84 48 89 41 98 9 58 55 81 38 79 97 62 42 83 26 58 17 36 83 22 98 53 39 98 88 2 4 41 45 73 78
0 0 0 0 0 0 0 0 0 0 0 0 0 0 0 0 0 0 0 0 0 0 0 0 0 0 0 0 0 0 0 0 0 0 0 0 0 0 0 0 0 0 0 0 0 0 0 0 0 58 93 56 70 97 49 85 21 6 13 37 79 38 38 65 61 23 86 91 11 101 29 6 21 60 46 66 69 18 38 20 59 98 3 43 60 45 9 98 45 35 52 68 7 31 95 32 46 55 55 98 16 54 80 75 53 18 42 41 54 12 23 101 18 57 22 57 94 99 57 39 71 92 55 77 35 37 7 67 38 11 81 24 95 26 4 63 90 74 69 56 31 15 72 68 76 21 70 76 4 92 48 35 87 6 17 22 76 69 25 67 3 15 31 42 101 80 16 7 50 34 52 8 56 12 52 59 23 19 25 15 33 71 51 45 18 40 99 85 73 14 18 29 101 93 89 81 82 7 13 29
0 0 0 0 0 0 0 0 0 0 0 0 0 0 0 0 0 0 0 0 0 0 0 0 0 0 0 0 0 0 0 0 0 0 0 0 0 0 0 0 0 0 0 0 0 0 0 0 0 0 24 42 21 89 30 32 89 83 18 34 30 6 82 11 55 63 43 94 18 94 73 68 34 32 101 77 4 48 100 66 20 38 23 49 47 99 76 79 89 11 72 89 66 97 39 64 61 52 38 85 83 64 21 44 30 6 15 6 72 101 21 77 15 88 36 31 16 8 94 73 101 71 100 19 33 70 65 67 67 96 5 41 81 29 21 50 54 55 60 96 43 2 101 12 48 30 49 36 87 88 90 73 6 22 27 82 39 23 47 51 31 60 93 99 97 52 35 70 71 95 11 11 37 30 78 81 65 45 4 10 48 9 81 89 4 67 73 40 4 30 56 15 68 26 61 36 89 93 97 73
0 0 0 0 0 0 0 0 0 0 0 0 0 0 0 0 0 0 0 0 0 0 0 0 0 0 0 0 0 0 0 0 0 0 0 0 0 0 0 0 0 0 0 0 0 0 0 0 0 0 0 97 54 19 6 30 23 70 82 54 30 99 79 14 47 50 89 33 16 61 85 62 92 15 60 41 10 101 41 39 73 32 92 92 86 67 13 99 90 79 66 52 62 34 77 91 95 20 67 101 55 9 41 60 63 42 76 56 34 24 2 28 42 27 97 49 31 14 24 38 5 54 97 28 87 7 97 26 15 36 75 33 86 63 65 21 86 82 71 77 96 86 50 31 27 19 82 37 19 53 94 91 99 82 47 92 67 85 21 78 98 9 41 19 10 75 64 35 101 57 38 32 100 28 6 52 73 35 100 73 82 3 78 6 87 20 43 101 53 64 6 68 81 98 75 44 14 45 65 72
0 0 0 0 0 0 0 0 0 0 0 0 0 0 0 0 0 0 0 0 0 0 0 0 0 0 0 0 0 0 0 0 0 0 0 0 0 0 0 0 0 0 0 0 0 0 0 0 0 0 0 0 16 14 56 8 8 57 65 49 87 32 45 55 20 16 26 96 6 32 65 85 73 65 23 90 89 87 98 101 11 57 71 92 64 55 10 34 12 31 95 99 78 66 54 33 16 100 36 61 97 97 16 83 36 63 86 63 76 37 83 33 43 6 90 75 22 54 20 100 26 38 26 28 26 30 74 7 19 9 32 64 56 78 23 36 59 73 86 24 46 74 85 27 24 48 9 12 3 20 62 92 89 54 30 75 100 49 31 24 100 40 59 20 62 18 85 38 66 28 9 29 82 12 67 31 90 52 83 52 4 20 73 99 4 33 77 56 51 26 16 78 33 15 8 95 84 41 46 86
0 0 0 0 0 0 0 0 0 0 0 0 0 0 0 0 0 0 0 0 0 0 0 0 0 0 0 0 0 0 0 0 0 0 0 0 0 0 0 0 0 0 0 0 0 0 0 0 0 0 0 0 0 29 93 47 28 35 52 17 33 76 45 79 83 50 98 9 40 47 79 88 74 49 96 70 35 93 20 75 52 52 41 42 2 56 26 62 49 21 93 27 99 27 52 23 75 64 6 49 54 47 28 52 7 24 27 70 87 40 74 46 68 95 61 9 18 63 8 43 67 101 86 59 20 53 100 48 57 95 34 20 45 5 4 21 59 73 26 22 91 49 55 60 18 70 26 30 100 64 78 34 81 18 11 80 101 9 46 73 91 23 38 10 49 71 68 67 81 2 15 82 26 49 71 38 54 84 64 67 15 39 94 15 10 45 92 47 21 71 89 58 61 48 90 25 24 8 68 48
0 0 0 0 0 0 0 0 0 0 0 0 0 0 0 0 0 0 0 0 0 0 0 0 0 0 0 0 0 0 0 0 0 0 0 0 0 0 0 0 0 0 0 0 0 0 0 0 0 0 0 0 0 0 28 74 39 4 94 29 34 83 77 40 83 82 88 72 61 91 44 28 93 52 100 10 24 50 55 4 13 71 67 98 54 6 4 26 58 13 62 55 76 12 49 45 85 64 10 96 68 24 49 89 88 13 49 46 33 74 62 79 27 32 36 18 7 43 6 9 63 57 74 73 24 19 60 52 12 20 33 74 75 63 27 3 4 52 65 81 44 61 58 61 94 99 64 28 33 76 31 62 32 4 81 25 92 22 30 100 68 68 25 82 93 98 35 82 7 98 40 81 16 99 31 92 94 92 80 79 30 44 6 37 68 73 58 25 75 51 98 54 69 19 101 87 35 64 11 100
0 0 0 0 0 0 0 0 0 0 0 0 0 0 0 0 0 0 0 0 0 0 0 0 0 0 0 0 0 0 0 0 0 0 0 0 0 0 0 0 0 0 0 0 0 0 0 0 0 0 0 0 0 0 0 15 21 10 54 12 29 75 22 97 43 35 25 6 87 45 50 91 66 17 87 43 63 41 44 77 50 6 79 96 94 62 81 23 59 69 32 63 43 95 69 28 65 88 55 46 90 46 58 62 28 101 78 69 28 85 52 51 71 22 53 5 94 65 91 18 58 64 2 9 89 82 62 29 65 64 96 82 83 90 47 40 84 60 9 11 18 32 16 72 61 26 48 52 63 26 38 68 46 65 2 76 12 74 81 78 37 6 32 46 33 95 81 44 48 98 96 14 101 10 26 49 92 24 29 53 52 32 17 9 15 95 50 49 20 41 16 45 68 86 36 75 62 48 35 14
0 0 0 0 0 0 0 0 0 0 0 0 0 0 0 0 0 0 0 0 0 0 0 0 0 0 0 0 0 0 0 0 0 0 0 0 0 0 0 0 0 0 0 0 0 0 0 0 0 0 0 0 0 0 0 0 26 95 64 44 9 10 21 19 2 54 79 87 28 62 4 54 19 75 66 83 48 25 63 39 62 77 70 43 44 64 48 84 17 78 57 82 39 59 90 78 57 60 68 82 67 100 64 41 44 6 63 67 80 64 30 66 99 2 7 54 76 24 39 17 55 31 31 27 60 43 12 73 66 7 22 78 74 38 20 74 87 57 58 94 8 83 17 32 44 73 97 45 42 9 20 7 18 19 24 97 99 5 33 52 56 23 76 52 27 89 46 36 10 49 48 64 17 100 60 37 89 8 41 38 29 101 11 49 94 79 63 64 61 17 73 14 78 10 72 38 26 101 6 57
0 0 0 0 0 0 0 0 0 0 0 0 0 0 0 0 0 0 0 0 0 0 0 0 0 0 0 0 0 0 0 0 0 0 0 0 0 0 0 0 0 0 0 0 0 0 0 0 0 0 0 0 0 0 0 0 0 93 44 82 35 91 5 34 97 30 21 26 64 92 82 39 20 56 50 97 80 46 77 79 83 56 94 46 82 98 94 97 84 64 101 18 75 85 74 48 14 69 10 99 17 59 56 81 55 62 98 97 38 71 53 57 60 81 45 35 14 48 77 68 15 76 46 58 69 74 101 82 51 42 63 67 79 75 98 86 18 31 98 50 34 66 97 72 53 16 17 33 24 11 12 42 3 37 50 56 14 44 56 80 101 25 76 93 93 31 68 71 48 17 39 81 90 61 34 21 20 62 45 67 65 48 49 32 96 9 71 8 28 28 35 52 92 30 16 29 28 29 40 76
0 0 0 0 0 0 0 0 0 0 0 0 0 0 0 0 0 0 0 0 0 0 0 0 0 0 0 0 0 0 0 0 0 0 0 0 0 0 0 0 0 0 0 0 0 0 0 0 0 0 0 0 0 0 0 0 0 0 61 101 28 40 64 26 2 74 30 68 95 17 69 42 4 65 57 63 92 26 76 92 50 41 11 87 99 97 54 49 4 84 72 6 4 77 84 55 87 48 73 16 87 52 44 32 91 59 85 39 10 21 69 10 26 101 68 38 6 92 76 48 54 50 4 7 13 49 91 14 94 84 72 2 83 35 81 14 67 90 53 67 62 24 10 98 81 95 77 31 47 74 28 23 95 57 38 56 7 76 29 48 33 69 49 79 8 10 71 60 78 80 67 73 22 90 56 94 8 53 7 58 93 93 66 13 59 55 40 57 7 72 85 5 71 36 75 6 89 85 96 19
0 0 0 0 0 0 0 0 0 0 0 0 0 0 0 0 0 0 0 0 0 0 0 0 0 0 0 0 0 0 0 0 0 0 0 0 0 0 0 0 0 0 0 0 0 0 0 0 0 0 0 0 0 0 0 0 0 0 0 78 98 61 98 99 66 61 95 70 95 24 77 101 36 35 94 82 70 77 74 14 45 85 76 16 33 74 70 44 6 76 85 58 96 57 23 68 47 67 14 53 62 78 49 89 40 62 28 85 41 65 54 95 37 4 46 80 36 41 33 18 79 21 92 59 63 25 63 47 11 83 35 72 82 5 8 8 99 31 97 99 49 70 70 2 73 63 96 26 71 98 36 11 86 57 92 41 97 68 76 18 76 20 26 15 80 18 88 81 12 2 36 47 93 75 63 13 63 9 9 75 62 6 33 74 19 3 35 5 38 65 7 58 96 41 12 44 30 51 57 100
0 0 0 0 0 0 0 0 0 0 0 0 0 0 0 0 0 0 0 0 0 0 0 0 0 0 0 0 0 0 0 0 0 0 0 0 0 0 0 0 0 0 0 0 0 0 0 0 0 0 0 0 0 0 0 0 0 0 0 0 54 34 80 81 57 83 84 13 100 84 18 30 85 3 28 42 96 70 60 3 21 10 65 72 50 91 22 56 34 92 10 2 25 57 51 48 40 7 7 71 13 46 46 57 69 36 55 13 85 23 98 82 99 49 72 27 67 96 66 3 28 70 26 55 38 27 66 68 56 56 89 31 63 37 6 11 79 73 89 73 2 7 7 66 92 44 65 49 52 9 58 49 101 25 79 54 75 87 99 57 7 47 101 64 29 45 78 13 45 11 33 2 29 30 90 64 23 48 10 65 29 26 83 92 4 64 100 50 66 79 76 12 25 45 2 29 78 83 30 53
0 0 0 0 0 0 0 0 0 0 0 0 0 0 0 0 0 0 0 0 0 0 0 0 0 0 0 0 0 0 0 0 0 0 0 0 0 0 0 0 0 0 0 0 0 0 0 0 0 0 0 0 0 0 0 0 0 0 0 0 0 56 26 84 43 15 78 92 13 8 76 82 25 10 15 99 28 21 27 68 22 14 85 74 81 53 8 49 67 61 95 54 51 44 14 80 18 69 36 74 2 30 100 45 40 80 92 31 41 65 73 41 33 10 8 95 37 60 64 9 34 39 42 79 94 66 82 96 72 74 11 75 15 39 30 26 93 25 23 23 88 92 97 96 13 2 15 63 79 42 36 4 49 9 68 37 21 85 57 66 45 16 14 100 83 66 29 34 79 52 11 59 75 7 60 61 86 23 86 37 68 72 9 84 45 79 12 29 69 18 76 66 52 31 66 97 28 35 88 20
0 0 0 0 0 0 0 0 0 0 0 0 0 0 0 0 0 0 0 0 0 0 0 0 0 0 0 0 0 0 0 0 0 0 0 0 0 0 0 0 0 0 0 0 0 0 0 0 0 0 0 0 0 0 0 0 0 0 0 0 0 0 60 10 63 61 39 14 11 5 96 54 98 64 51 20 62 68 54 54 89 100 100 80 49 35 86 74 18 26 37 83 96 78 53 43 53 101 89 83 25 44 85 15 66 84 46 79 64 50 86 38 86 87 91 33 17 25 27 70 50 3 95 19 77 19 21 52 9 41 47 90 28 11 79 37 12 40 63 67 47 76 67 53 23 6 91 11 6 25 51 41 17 52 67 88 99 95 42 69 39 34 65 49 67 83 48 31 79 28 53 47 56 76 4 12 58 33 20 14 100 92 28 24 62 69 60 14 64 5 94 20 59 75 28 30 75 65 61 66
0 0 0 0 0 0 0 0 0 0 0 0 0 0 0 0 0 0 0 0 0 0 0 0 0 0 0 0 0 0 0 0 0 0 0 0 0 0 0 0 0 0 0 0 0 0 0 0 0 0 0 0 0 0 0 0 0 0 0 0 0 0 0 6 52 83 99 64 25 68 82 12 97 33 37 37 27 53 69 60 70 79 30 75 3 22 93 68 24 97 12 67 5 58 78 40 22 95 40 82 41 90 99 86 47 72 35 64 35 39 17 6 80 17 13 36 10 30 45 41 10 9 66 49 50 31 94 80 85 70 31 6 35 35 81 44 65 60 100 88 44 55 74 58 76 85 36 99 53 63 31 11 78 56 92 53 68 3 13 15 82 100 52 53 64 31 9 65 39 16 92 67 83 33 48 62 24 65 51 34 45 91 27 98 16 42 94 79 47 20 78 21 23 48 19 93 32 10 38 27
0 0 0 0 0 0 0 0 0 0 0 0 0 0 0 0 0 0 0 0 0 0 0 0 0 0 0 0 0 0 0 0 0 0 0 0 0 0 0 0 0 0 0 0 0 0 0 0 0 0 0 0 0 0 0 0 0 0 0 0 0 0 0 0 78 69 44 26 85 25 29 62 76 6 79 58 62 58 23 41 87 59 61 33 66 39 74 58 18 30 65 79 62 61 16 56 10 24 86 96 41 33 5 77 37 54 34 21 35 67 16 19 30 85 47 18 10 17 12 6 98 101 11 90 50 57 77 41 17 7 48 97 51 84 22 26 11 71 90 44 39 63 25 74 72 10 39 91 49 64 51 89 91 49 92 11 5 28 16 99 26 81 85 25 2 3 74 73 20 63 99 17 42 10 15 97 27 63 83 69 33 2 14 95 16 14 94 17 70 91 46 94 67 46 37 30 37 41 24 85
0 0 0 0 0 0 0 0 0 0 0 0 0 0 0 0 0 0 0 0 0 0 0 0 0 0 0 0 0 0 0 0 0 0 0 0 0 0 0 0 0 0 0 0 0 0 0 0 0 0 0 0 0 0 0 0 0 0 0 0 0 0 0 0 0 48 42 43 48 48 60 44 49 3 47 20 26 42 62 61 26 53 43 27 55 63 37 36 55 100 87 30 85 76 99 44 26 73 73 72 17 7 6 44 4 6 76 91 22 65 47 90 22 31 6 18 75 33 38 16 81 16 5 71 8 61 51 68 4 38 20 86 38 11 75 79 56 8 38 25 25 54 70 87 21 85 46 19 38 51 92 48 47 51 25 29 97 53 47 90 30 87 96 64 58 20 37 55 11 71 88 59 26 92 6 60 8 54 20 11 30 10 33 21 13 5 88 85 56 69 79 97 9 38 27 77 73 67 51 29
0 0 0 0 0 0 0 0 0 0 0 0 0 0 0 0 0 0 0 0 0 0 0 0 0 0 0 0 0 0 0 0 0 0 0 0 0 0 0 0 0 0 0 0 0 0 0 0 0 0 0 0 0 0 0 0 0 0 0 0 0 0 0 0 0 0 36 11 13 40 100 82 9 92 45 27 83 100 42 8 90 50 39 14 101 46 55 34 55 31 39 22 86 95 10 51 45 93 17 9 84 75 72 81 84 18 77 52 95 16 97 100 67 82 2 83 4 73 97 35 48 2 65 92 57 99 17 87 94 100 59 43 79 36 63 78 79 53 57 82 45 31 78 41 5 8 53 61 63 14 52 88 91 47 11 79 30 40 8 30 70 37 87 5 93 69 60 89 39 34 75 63 88 96 53 74 26 76 83 40 35 21 4 73 45 44 85 63 86 5 88 62 18 70 85 24 71 89 32 100
0 0 0 0 0 0 0 0 0 0 0 0 0 0 0 0 0 0 0 0 0 0 0 0 0 0 0 0 0 0 0 0 0 0 0 0 0 0 0 0 0 0 0 0 0 0 0 0 0 0 0 0 0 0 0 0 0 0 0 0 0 0 0 0 0 0 0 14 59 101 14 87 86 20 60 95 69 33 44 74 79 8 21 72 81 72 61 62 87 51 10 89 99 24 9 99 61 85 34 37 87 32 69 90 14 31 17 13 67 10 13 27 71 16 31 26 2 62 7 41 37 60 67 66 89 17 48 64 76 58 12 19 40 22 36 63 59 95 97 71 31 40 48 6 4 43 54 7 52 64 74 62 81 64 69 22 37 94 29 81 76 39 89 36 4 77 66 78 95 4 18 91 18 101 62 38 12 87 72 44 44 49 97 52 54 30 95 30 62 20 25 47 8 67 64 23 84 76 66 29
0 0 0 0 0 0 0 0 0 0 0 0 0 0 0 0 0 0 0 0 0 0 0 0 0 0 0 0 0 0 0 0 0 0 0 0 0 0 0 0 0 0 0 0 0 0 0 0 0 0 0 0 0 0 0 0 0 0 0 0 0 0 0 0 0 0 0 0 74 73 86 84 65 71 55 15 46 67 25 3 46 41 62 10 61 59 9 12 64 45 31 52 14 48 12 84 36 64 64 22 19 2 63 61 35 81 8 25 45 45 41 38 56 72 82 54 52 81 95 27 30 100 7 57 92 82 42 92 83 61 90 60 68 41 77 42 29 94 14 8 24 85 9 26 72 71 56 43 33 37 73 89 47 16 88 78 68 92 101 13 90 94 22 76 29 56 84 54 89 9 16 63 36 73 89 60 11 20 3 42 5 44 24 14 40 94 4 88 93 71 5 20 64 75 23 64 91 98 38 98
0 0 0 0 0 0 0 0 0 0 0 0 0 0 0 0 0 0 0 0 0 0 0 0 0 0 0 0 0 0 0 0 0 0 0 0 0 0 0 0 0 0 0 0 0 0 0 0 0 0 0 0 0 0 0 0 0 0 0 0 0 0 0 0 0 0 0 0 0 79 43 61 28 50 22 7 74 9 18 91 84 25 8 8 14 91 7 38 73 28 12 25 17 51 57 32 24 38 97 81 88 75 22 77 4 6 68 35 5 64 10 24 34 23 55 6 58 56 31 7 12 39 11 53 25 96 82 40 32 86 72 37 71 72 29 31 43 51 54 53 74 81 4 90 31 57 78 52 95 64 51 70 58 67 25 67 81 44 7 100 26 30 74 67 57 65 101 79 63 8 76 36 37 78 7 23 74 3 81 36 36 55 82 24 82 68 89 100 30 12 41 17 16 65 93 33 79 78 7 54
0 0 0 0 0 0 0 0 0 0 0 0 0 0 0 0 0 0 0 0 0 0 0 0 0 0 0 0 0 0 0 0 0 0 0 0 0 0 0 0 0 0 0 0 0 0 0 0 0 0 0 0 0 0 0 0 0 0 0 0 0 0 0 0 0 0 0 0 0 0 5 47 88 86 29 70 21 56 5 19 82 57 52 50 45 43 28 70 23 75 13 82 51 36 90 42 67 30 29 96 15 19 50 70 51 7 55 90 24 15 34 11 47 67 92 81 46 98 84 5 19 34 75 11 30 24 95 72 74 6 50 93 93 81 44 49 59 28 9 58 38 84 26 87 90 34 25 62 89 45 33 32 30 86 24 73 54 7 98 67 14 4 15 56 86 57 14 92 38 31 60 73 70 81 64 78 47 11 95 20 7 61 63 91 22 18 45 40 76 92 21 17 79 65 78 3 79 66 63 20
0 0 0 0 0 0 0 0 0 0 0 0 0 0 0 0 0 0 0 0 0 0 0 0 0 0 0 0 0 0 0 0 0 0 0 0 0 0 0 0 0 0 0 0 0 0 0 0 0 0 0 0 0 0 0 0 0 0 0 0 0 0 0 0 0 0 0 0 0 0 0 5 65 46 22 84 42 14 30 98 81 20 15 16 27 60 85 35 95 94 10 17 23 90 94 97 7 67 66 8 46 78 96 43 59 66 28 19 9 66 13 44 29 57 56 61 57 78 55 69 72 13 5 42 48 25 73 52 21 97 30 77 38 42 75 48 66 6 96 27 49 7 76 79 65 90 7 88 86 44 50 36 39 16 46 29 67 49 68 38 72 65 35 44 89 40 99 35 47 42 3 80 71 41 101 65 38 27 27 81 60 97 13 93 61 88 28 87 44 48 82 64 68 101 4 53 87 48 52 9
0 0 0 0 0 0 0 0 0 0 0 0 0 0 0 0 0 0 0 0 0 0 0 0 0 0 0 0 0 0 0 0 0 0 0 0 0 0 0 0 0 0 0 0 0 0 0 0 0 0 0 0 0 0 0 0 0 0 0 0 0 0 0 0 0 0 0 0 0 0 0 0 8 54 18 88 60 15 55 85 90 65 64 27 51 82 90 43 99 62 33 36 71 7 6 62 13 90 98 85 49 26 28 67 62 100 76 29 42 87 8 22 70 36 61 10 82 72 36 12 98 77 56 50 86 91 50 20 98 25 69 43 60 47 60 42 11 19 24 98 82 17 18 6 9 37 43 60 76 50 50 92 68 89 31 80 49 5 66 56 17 59 23 7 4 94 13 38 70 52 27 25 71 68 46 22 77 63 46 81 81 68 11 6 85 12 44 10 80 69 9 51 23 52 88 41 2 18 87 89
0 0 0 0 0 0 0 0 0 0 0 0 0 0 0 0 0 0 0 0 0 0 0 0 0 0 0 0 0 0 0 0 0 0 0 0 0 0 0 0 0 0 0 0 0 0 0 0 0 0 0 0 0 0 0 0 0 0 0 0 0 0 0 0 0 0 0 0 0 0 0 0 0 98 7 83 53 84 10 21 63 9 66 92 32 27 36 37 35 20 55 37 22 23 101 69 100 95 77 91 79 92 61 29 93 14 92 65 101 36 52 55 51 75 68 82 96 26 9 35 53 71 62 90 19 96 26 41 19 92 19 46 68 43 48 4 81 77 96 88 95 17 31 27 35 24 57 40 5 82 85 72 21 72 2 59 4 72 70 30 39 97 75 46 23 74 60 32 91 10 68 87 53 65 65 60 8 5 87 3 33 81 58 72 81 28 78 99 24 24 56 96 100 82 97 9 97 71 4 87
0 0 0 0 0 0 0 0 0 0 0 0 0 0 0 0 0 0 0 0 0 0 0 0 0 0 0 0 0 0 0 0 0 0 0 0 0 0 0 0 0 0 0 0 0 0 0 0 0 0 0 0 0 0 0 0 0 0 0 0 0 0 0 0 0 0 0 0 0 0 0 0 0 0 72 29 46 37 88 17 49 53 91 33 11 94 31 89 27 80 45 25 29 99 85 65 56 93 57 61 39 14 65 64 65 42 42 82 100 46 14 76 30 21 64 15 13 11 17 69 100 25 85 28 28 72 77 39 83 71 77 51 60 21 45 36 93 4 69 60 39 35 80 36 85 60 24 66 74 36 4 73 12 58 97 33 35 48 68 37 99 42 28 33 97 23 6 64 87 12 47 35 38 41 55 2 69 65 33 96 67 19 84 58 50 58 80 35 23 7 83 41 16 34 16 68 34 20 38 5
0 0 0 0 0 0 0 0 0 0 0 0 0 0 0 0 0 0 0 0 0 0 0 0 0 0 0 0 0 0 0 0 0 0 0 0 0 0 0 0 0 0 0 0 0 0 0 0 0 0 0 0 0 0 0 0 0 0 0 0 0 0 0 0 0 0 0 0 0 0 0 0 0 0 0 61 73 87 59 101 82 101 39 60 30 83 65 16 28 24 5 77 56 93 80 99 62 90 20 36 29 71 65 81 48 73 27 26 65 15 75 68 49 27 5 76 85 5 76 92 83 84 73 48 30 34 5 57 86 55 88 87 84 18 67 66 4 68 54 92 15 12 86 58 16 22 17 31 74 25 101 32 7 98 74 40 39 89 87 82 2 2 14 26 81 20 7 32 6 32 69 75 32 94 92 85 33 91 12 65 5 98 57 20 70 36 71 40 15 85 100 79 26 13 85 92 13 45 65 59
0 0 0 0 0 0 0 0 0 0 0 0 0 0 0 0 0 0 0 0 0 0 0 0 0 0 0 0 0 0 0 0 0 0 0 0 0 0 0 0 0 0 0 0 0 0 0 0 0 0 0 0 0 0 0 0 0 0 0 0 0 0 0 0 0 0 0 0 0 0 0 0 0 0 0 0 15 8 84 44 64 59 68 25 33 14 66 62 73 59 88 65 49 92 92 77 80 85 95 53 18 69 26 80 37 29 53 39 79 61 99 29 11 27 70 11 10 35 27 95 57 75 82 63 23 26 56 20 94 18 49 20 62 78 12 39 34 97 81 83 85 8 100 82 5 88 42 23 38 44 9 24 30 41 72 98 21 84 37 48 2 27 78 51 100 15 3 19 25 101 28 6 29 73 51 32 20 7 70 81 95 93 63 66 87 78 19 73 24 22 35 32 74 90 43 65 39 99 37 93
0 0 0 0 0 0 0 0 0 0 0 0 0 0 0 0 0 0 0 0 0 0 0 0 0 0 0 0 0 0 0 0 0 0 0 0 0 0 0 0 0 0 0 0 0 0 0 0 0 0 0 0 0 0 0 0 0 0 0 0 0 0 0 0 0 0 0 0 0 0 0 0 0 0 0 0 0 34 26 99 6 91 32 17 61 70 81 82 70 59 29 84 93 39 22 44 93 40 17 91 54 77 78 11 87 97 97 94 33 42 6 12 87 3 32 43 66 45 79 59 68 38 45 75 96 101 35 87 39 14 71 33 87 16 60 10 13 33 88 100 97 49 41 97 75 57 70 83 53 95 29 16 30 14 57 47 16 23 26 86 66 34 27 10 70 95 33 28 54 91 100 39 96 96 6 93 22 40 87 10 2 82 18 68 26 98 5 96 41 3 11 77 34 8 78 9 88 37 96 22
0 0 0 0 0 0 0 0 0 0 0 0 0 0 0 0 0 0 0 0 0 0 0 0 0 0 0 0 0 0 0 0 0 0 0 0 0 0 0 0 0 0 0 0 0 0 0 0 0 0 0 0 0 0 0 0 0 0 0 0 0 0 0 0 0 0 0 0 0 0 0 0 0 0 0 0 0 0 62 36 92 7 4 34 90 39 47 66 19 31 56 33 28 96 7 67 81 41 83 57 15 36 28 6 91 18 6 97 62 33 57 60 65 33 16 39 12 23 3 57 77 67 25 13 39 18 14 17 99 6 14 33 87 63 58 2 85 33 90 34 61 76 77 32 93 83 62 18 16 32 66 8 96 73 10 82 90 2 44 8 4 8 52 69 11 42 90 15 62 70 46 94 91 50 85 34 85 48 63 68 70 46 12 15 101 94 49 14 65 3 38 75 14 21 87 42 25 81 34 64
0 0 0 0 0 0 0 0 0 0 0 0 0 0 0 0 0 0 0 0 0 0 0 0 0 0 0 0 0 0 0 0 0 0 0 0 0 0 0 0 0 0 0 0 0 0 0 0 0 0 0 0 0 0 0 0 0 0 0 0 0 0 0 0 0 0 0 0 0 0 0 0 0 0 0 0 0 0 0 57 70 3 42 89 75 81 55 78 75 24 6 22 93 6 81 69 79 50 61 65 80 35 85 43 9 96 37 79 72 47 93 24 48 18 85 45 64 75 43 29 61 50 9 67 45 7 89 76 20 20 38 95 7 42 49 98 72 100 48 65 86 54 67 41 81 96 36 43 16 5 63 56 11 55 30 11 29 62 90 25 25 20 101 17 12 26 6 19 64 44 3 94 27 23 9 70 68 71 34 39 76 19 82 96 92 34 46 82 75 13 55 24 31 79 83 36 30 49 39 89
0 0 0 0 0 0 0 0 0 0 0 0 0 0 0 0 0 0 0 0 0 0 0 0 0 0 0 0 0 0 0 0 0 0 0 0 0 0 0 0 0 0 0 0 0 0 0 0 0 0 0 0 0 0 0 0 0 0 0 0 0 0 0 0 0 0 0 0 0 0 0 0 0 0 0 0 0 0 0 0 51 93 14 98 100 13 4 46 48 88 30 7 34 83 93 6 62 27 78 37 81 3 98 9 84 82 41 13 39 69 30 83 33 36 47 52 23 50 63 88 65 40 75 25 86 28 19 71 71 37 100 4 99 91 27 47 100 67 26 82 34 79 56 61 6 98 75 37 78 52 96 12 17 53 59 5 92 63 67 30 59 60 25 93 89 100 38 88 92 30 40 48 52 46 75 48 72 6 49 18 98 82 5 90 40 10 14 92 65 54 32 96 82 23 81 12 61 43 4 52
0 0 0 0 0 0 0 0 0 0 0 0 0 0 0 0 0 0 0 0 0 0 0 0 0 0 0 0 0 0 0 0 0 0 0 0 0 0 0 0 0 0 0 0 0 0 0 0 0 0 0 0 0 0 0 0 0 0 0 0 0 0 0 0 0 0 0 0 0 0 0 0 0 0 0 0 0 0 0 0 0 82 2 96 60 80 14 65 11 77 45 42 4 94 22 77 52 78 71 14 27 28 57 72 97 21 80 93 27 89 14 22 72 70 21 64 18 87 71 62 3 39 101 42 6 101 50 53 74 12 11 5 21 93 35 18 17 43 33 45 60 45 49 54 64 82 56 97 51 24 22 36 42 60 53 21 57 45 36 52 87 27 77 50 13 23 11 20 62 16 14 49 86 55 11 16 20 18 10 60 98 84 32 73 37 75 49 55 99 14 53 69 13 16 58 39 52 86 55 77
0 0 0 0 0 0 0 0 0 0 0 0 0 0 0 0 0 0 0 0 0 0 0 0 0 0 0 0 0 0 0 0 0 0 0 0 0 0 0 0 0 0 0 0 0 0 0 0 0 0 0 0 0 0 0 0 0 0 0 0 0 0 0 0 0 0 0 0 0 0 0 0 0 0 0 0 0 0 0 0 0 0 68 3 15 5 29 31 51 30 12 5 80 38 28 9 87 55 70 60 53 6 8 12 93 21 47 27 94 75 76 85 64 86 51 45 45 72 86 72 91 93 20 65 100 78 54 17 52 19 9 31 13 20 62 69 30 93 9 76 40 4 34 31 3 8 71 48 38 37 84 74 65 83 39 43 87 8 44 17 78 35 7 50 16 70 2 95 72 99 16 29 20 18 101 49 34 28 76 72 89 53 65 98 11 58 85 2 27 99 100 60 26 84 51 52 58 17 94 74
0 0 0 0 0 0 0 0 0 0 0 0 0 0 0 0 0 0 0 0 0 0 0 0 0 0 0 0 0 0 0 0 0 0 0 0 0 0 0 0 0 0 0 0 0 0 0 0 0 0 0 0 0 0 0 0 0 0 0 0 0 0 0 0 0 0 0 0 0 0 0 0 0 0 0 0 0 0 0 0 0 0 0 57 22 44 42 69 14 23 72 6 2 7 12 86 82 76 41 55 28 87 57 20 6 5 21 18 42 36 2 100 77 39 88 39 14 64 21 63 58 98 9 77 24 75 68 17 84 98 10 83 61 66 17 32 99 99 44 101 90 81 98 31 92 50 38 59 96 91 44 42 15 49 3 36 32 78 99 49 81 70 31 63 4 19 75 39 24 44 59 11 44 70 38 71 76 43 97 27 9 14 24 16 8 33 67 42 27 52 35 74 72 82 70 9 77 86 59 16
0 0 0 0 0 0 0 0 0 0 0 0 0 0 0 0 0 0 0 0 0 0 0 0 0 0 0 0 0 0 0 0 0 0 0 0 0 0 0 0 0 0 0 0 0 0 0 0 0 0 0 0 0 0 0 0 0 0 0 0 0 0 0 0 0 0 0 0 0 0 0 0 0 0 0 0 0 0 0 0 0 0 0 0 92 30 66 6 37 71 39 99 92 91 34 16 33 46 61 10 45 89 63 75 3 99 3 64 8 40 65 54 27 75 96 28 24 16 73 23 76 84 33 23 35 57 90 92 2 63 94 79 43 15 28 24 12 63 8 64 82 48 11 11 76 17 70 47 67 98 31 61 60 99 86 91 54 75 74 49 31 65 86 96 90 90 66 7 51 29 38 71 28 29 36 52 30 58 55 18 29 61 101 84 91 65 74 14 96 42 7 64 37 94 39 5 71 42 33 13
0 0 0 0 0 0 0 0 0 0 0 0 0 0 0 0 0 0 0 0 0 0 0 0 0 0 0 0 0 0 0 0 0 0 0 0 0 0 0 0 0 0 0 0 0 0 0 0 0 0 0 0 0 0 0 0 0 0 0 0 0 0 0 0 0 0 0 0 0 0 0 0 0 0 0 0 0 0 0 0 0 0 0 0 0 11 68 94 99 77 26 26 5 85 58 51 62 46 47 86 35 69 11 91 56 45 64 43 21 7 78 14 5 81 47 16 64 78 99 3 91 66 68 94 93 24 98 23 41 66 38 91 12 92 54 32 91 49 44 21 19 100 74 64 22 71 32 45 34 92 15 10 8 41 88 12 42 35 24 60 29 92 63 92 30 5 8 35 13 58 54 25 50 97 61 54 48 72 77 98 67 98 100 85 93 23 46 11 14 16 4 12 52 50 57 39 42 86 101 8
0 0 0 0 0 0 0 0 0 0 0 0 0 0 0 0 0 0 0 0 0 0 0 0 0 0 0 0 0 0 0 0 0 0 0 0 0 0 0 0 0 0 0 0 0 0 0 0 0 0 0 0 0 0 0 0 0 0 0 0 0 0 0 0 0 0 0 0 0 0 0 0 0 0 0 0 0 0 0 0 0 0 0 0 0 0 43 97 61 9 57 95 55 91 13 56 26 61 95 87 86 22 98 18 91 54 46 67 16 60 23 11 41 52 85 20 44 54 71 101 43 91 4 65 21 28 56 24 43 85 26 87 71 73 13 5 24 2 73 100 15 69 67 32 9 15 50 19 52 91 14 67 56 83 73 73 84 7 58 43 42 16 4 33 18 95 61 98 86 48 66 36 84 91 53 19 34 20 58 58 100 91 34 88 57 21 28 51 21 10 101 36 41 34 50 32 7 38 75 83
0 0 0 0 0 0 0 0 0 0 0 0 0 0 0 0 0 0 0 0 0 0 0 0 0 0 0 0 0 0 0 0 0 0 0 0 0 0 0 0 0 0 0 0 0 0 0 0 0 0 0 0 0 0 0 0 0 0 0 0 0 0 0 0 0 0 0 0 0 0 0 0 0 0 0 0 0 0 0 0 0 0 0 0 0 0 0 65 60 61 4 55 5 74 8 24 100 24 25 48 21 27 38 62 63 85 89 87 92 68 32 92 91 53 50 15 4 68 7 95 52 29 80 86 5 54 80 68 10 100 91 78 61 98 38 92 84 48 50 75 49 61 69 38 29 50 58 59 41 68 62 76 97 9 15 16 61 86 38 43 70 21 73 55 93 51 80 69 87 29 16 13 52 41 84 21 36 11 28 71 27 34 85 93 37 38 87 24 47 51 81 66 45 13 62 42 51 21 95 70
0 0 0 0 0 0 0 0 0 0 0 0 0 0 0 0 0 0 0 0 0 0 0 0 0 0 0 0 0 0 0 0 0 0 0 0 0 0 0 0 0 0 0 0 0 0 0 0 0 0 0 0 0 0 0 0 0 0 0 0 0 0 0 0 0 0 0 0 0 0 0 0 0 0 0 0 0 0 0 0 0 0 0 0 0 0 0 0 71 89 3 82 86 54 23 89 80 4 83 38 61 37 100 78 56 86 79 75 93 26 57 55 20 59 94 70 72 63 35 35 34 79 72 61 88 51 38 98 73 54 2 43 45 68 70 22 13 43 80 25 96 7 67 63 2 66 58 75 64 48 32 62 91 66 94 69 61 56 66 46 19 32 50 31 89 44 85 15 48 5 90 99 39 58 81 80 98 16 38 46 12 30 79 97 60 40 99 90 2 82 62 53 16 93 101 15 69 60 82 6
0 0 0 0 0 0 0 0 0 0 0 0 0 0 0 0 0 0 0 0 0 0 0 0 0 0 0 0 0 0 0 0 0 0 0 0 0 0 0 0 0 0 0 0 0 0 0 0 0 0 0 0 0 0 0 0 0 0 0 0 0 0 0 0 0 0 0 0 0 0 0 0 0 0 0 0 0 0 0 0 0 0 0 0 0 0 0 0 0 76 44 93 39 25 19 31 7 3 80 71 39 19 70 80 12 43 26 24 84 6 30 59 91 28 69 40 94 96 13 58 38 13 79 67 67 69 3 84 18 47 85 18 44 37 2 84 70 65 12 73 23 41 12 87 41 6 22 99 36 40 19 48 90 32 88 88 2 79 30 44 83 89 2 46 30 100 59 62 101 58 15 24 93 76 51 51 31 47 74 84 67 63 22 16 23 22 50 53 59 83 38 99 5 34 66 32 5 91 29 5
0 0 0 0 0 0 0 0 0 0 0 0 0 0 0 0 0 0 0 0 0 0 0 0 0 0 0 0 0 0 0 0 0 0 0 0 0 0 0 0 0 0 0 0 0 0 0 0 0 0 0 0 0 0 0 0 0 0 0 0 0 0 0 0 0 0 0 0 0 0 0 0 0 0 0 0 0 0 0 0 0 0 0 0 0 0 0 0 0 0 27 73 43 21 6 64 98 51 18 56 65 4 89 31 63 20 88 80 33 40 3 16 79 29 5 55 62 17 76 6 62 25 23 65 88 82 68 61 2 48 43 2 70 12 99 80 47 41 32 38 7 90 89 34 26 33 73 22 36 4 35 13 11 10 8 66 5 68 49 9 21 100 45 86 62 69 36 51 22 8 41 55 14 41 43 61 27 73 56 73 91 8 42 91 80 87 92 39 27 27 94 8 47 2 4 81 83 18 96 55
0 0 0 0 0 0 0 0 0 0 0 0 0 0 0 0 0 0 0 0 0 0 0 0 0 0 0 0 0 0 0 0 0 0 0 0 0 0 0 0 0 0 0 0 0 0 0 0 0 0 0 0 0 0 0 0 0 0 0 0 0 0 0 0 0 0 0 0 0 0 0 0 0 0 0 0 0 0 0 0 0 0 0 0 0 0 0 0 0 0 0 67 96 48 5 62 12 94 95 16 11 24 77 53 91 13 95 18 61 83 57 82 97 49 56 52 29 41 44 18 15 72 97 14 42 23 6 43 65 21 12 2 81 17 9 15 31 62 20 27 79 55 94 8 74 94 95 61 40 6 90 89 98 94 76 69 79 78 59 97 71 34 64 3 22 37 86 80 98 85 58 75 53 2 27 48 22 74 33 65 55 79 69 12 33 98 58 93 23 85 26 82 42 38 9 37 97 87 31 67
0 0 0 0 0 0 0 0 0 0 0 0 0 0 0 0 0 0 0 0 0 0 0 0 0 0 0 0 0 0 0 0 0 0 0 0 0 0 0 0 0 0 0 0 0 0 0 0 0 0 0 0 0 0 0 0 0 0 0 0 0 0 0 0 0 0 0 0 0 0 0 0 0 0 0 0 0 0 0 0 0 0 0 0 0 0 0 0 0 0 0 0 92 15 49 70 13 62 55 47 19 33 33 15 12 19 70 92 12 9 51 9 94 68 80 82 30 98 81 63 6 18 95 36 16 65 6 58 26 15 85 53 30 74 68 25 92 72 69 90 89 20 22 26 77 29 22 60 6 53 100 47 44 20 42 6 54 95 55 83 93 54 25 99 57 99 98 60 27 36 50 39 15 64 22 11 13 73 34 34 89 9 9 73 13 93 15 9 15 62 28 77 32 100 44 79 85 82 5 97
0 0 0 0 0 0 0 0 0 0 0 0 0 0 0 0 0 0 0 0 0 0 0 0 0 0 0 0 0 0 0 0 0 0 0 0 0 0 0 0 0 0 0 0 0 0 0 0 0 0 0 0 0 0 0 0 0 0 0 0 0 0 0 0 0 0 0 0 0 0 0 0 0 0 0 0 0 0 0 0 0 0 0 0 0 0 0 0 0 0 0 0 0 98 16 11 49 12 29 26 9 65 18 79 48 45 6 33 45 44 18 54 96 31 18 11 74 49 60 98 42 64 63 93 44 95 13 97 20 64 38 22 89 70 25 64 89 70 8 49 3 23 66 94 48 45 31 56 84 30 81 15 98 76 63 17 52 29 58 19 80 39 64 47 25 24 89 14 36 84 74 29 50 75 37 16 12 4 89 93 95 15 87 99 99 45 100 61 99 24 30 54 27 16 75 53 24 94 66 69
0 0 0 0 0 0 0 0 0 0 0 0 0 0 0 0 0 0 0 0 0 0 0 0 0 0 0 0 0 0 0 0 0 0 0 0 0 0 0 0 0 0 0 0 0 0 0 0 0 0 0 0 0 0 0 0 0 0 0 0 0 0 0 0 0 0 0 0 0 0 0 0 0 0 0 0 0 0 0 0 0 0 0 0 0 0 0 0 0 0 0 0 0 0 16 55 62 33 63 93 90 100 49 22 30 3 81 29 96 37 67 32 43 100 94 34 13 43 37 49 7 28 36 51 18 58 64 55 101 66 20 57 36 75 2 90 90 92 91 43 75 71 22 48 8 40 64 45 9 35 2 18 79 91 33 91 84 36 64 58 37 93 14 68 70 80 71 50 79 98 28 29 25 98 4 24 37 72 28 31 14 21 95 77 21 16 30 48 19 52 3 10 92 45 15 29 76 64 53 14
0 0 0 0 0 0 0 0 0 0 0 0 0 0 0 0 0 0 0 0 0 0 0 0 0 0 0 0 0 0 0 0 0 0 0 0 0 0 0 0 0 0 0 0 0 0 0 0 0 0 0 0 0 0 0 0 0 0 0 0 0 0 0 0 0 0 0 0 0 0 0 0 0 0 0 0 0 0 0 0 0 0 0 0 0 0 0 0 0 0 0 0 0 0 0 47 68 76 48 65 65 12 84 86 2 37 36 98 21 31 15 52 98 84 48 69 63 95 68 33 87 21 88 88 77 33 82 21 46 2 66 65 77 14 36 72 52 98 14 50 100 15 50 40 71 93 10 23 27 64 37 95 16 13 3 67 28 82 89 25 48 92 42 50 5 39 30 47 8 91 70 72 12 49 74 9 69 18 15 71 92 26 15 27 55 33 101 32 8 47 46 64 30 78 57 28 86 19 97 13
0 0 0 0 0 0 0 0 0 0 0 0 0 0 0 0 0 0 0 0 0 0 0 0 0 0 0 0 0 0 0 0 0 0 0 0 0 0 0 0 0 0 0 0 0 0 0 0 0 0 0 0 0 0 0 0 0 0 0 0 0 0 0 0 0 0 0 0 0 0 0 0 0 0 0 0 0 0 0 0 0 0 0 0 0 0 0 0 0 0 0 0 0 0 0 0 81 15 46 2 17 47 89 80 97 65 18 26 6 77 94 16 66 70 4 23 12 61 84 63 53 100 93 63 43 79 76 29 57 81 79 27 42 87 38 13 81 14 42 65 68 72 65 36 10 53 28 41 42 21 11 58 40 12 70 78 59 30 86 88 19 70 4 24 20 73 20 64 5 30 12 79 66 99 42 76 28 75 63 78 3 24 87 88 63 16 70 63 28 32 64 26 59 39 99 14 99 40 58 10
0 0 0 0 0 0 0 0 0 0 0 0 0 0 0 0 0 0 0 0 0 0 0 0 0 0 0 0 0 0 0 0 0 0 0 0 0 0 0 0 0 0 0 0 0 0 0 0 0 0 0 0 0 0 0 0 0 0 0 0 0 0 0 0 0 0 0 0 0 0 0 0 0 0 0 0 0 0 0 0 0 0 0 0 0 0 0 0 0 0 0 0 0 0 0 0 0 76 39 76 38 61 32 22 82 65 99 98 84 20 56 84 59 37 83 70 95 31 68 11 87 64 57 96 79 38 68 17 6 6 6 93 93 69 38 36 11 30 22 71 41 70 37 70 20 56 85 51 87 62 5 35 9 14 38 63 83 79 86 49 38 62 34 81 45 40 55 53 14 94 36 93 35 41 48 98 80 97 9 83 13 9 90 45 11 66 67 40 30 78 44 55 3 6 71 15 39 64 19 81
0 0 0 0 0 0 0 0 0 0 0 0 0 0 0 0 0 0 0 0 0 0 0 0 0 0 0 0 0 0 0 0 0 0 0 0 0 0 0 0 0 0 0 0 0 0 0 0 0 0 0 0 0 0 0 0 0 0 0 0 0 0 0 0 0 0 0 0 0 0 0 0 0 0 0 0 0 0 0 0 0 0 0 0 0 0 0 0 0 0 0 0 0 0 0 0 0 0 51 99 17 21 71 56 77 51 45 80 32 39 84 82 72 59 20 44 39 33 95 78 34 63 50 40 5 36 62 53 11 58 65 4 33 6 17 58 44 29 10 41 46 59 15 9 86 17 49 43 18 98 46 8 85 9 87 31 84 98 46 78 26 57 42 17 88 86 29 31 74 11 63 21 7 18 66 15 51 87 21 9 88 47 65 82 29 100 60 37 40 32 52 27 78 55 20 96 82 89 49 7
0 0 0 0 0 0 0 0 0 0 0 0 0 0 0 0 0 0 0 0 0 0 0 0 0 0 0 0 0 0 0 0 0 0 0 0 0 0 0 0 0 0 0 0 0 0 0 0 0 0 0 0 0 0 0 0 0 0 0 0 0 0 0 0 0 0 0 0 0 0 0 0 0 0 0 0 0 0 0 0 0 0 0 0 0 0 0 0 0 0 0 0 0 0 0 0 0 0 0 72 86 39 29 52 67 19 86 67 50 3 54 57 73 55 54 27 19 72 23 95 96 38 68 33 49 14 27 56 23 58 26 40 42 74 43 57 48 87 30 17 60 20 60 51 32 12 44 49 55 50 78 61 12 18 99 64 24 75 24 24 56 51 23 43 18 61 61 38 61 5 53 82 40 36 32 17 76 45 92 55 79 100 33 74 56 76 40 24 65 12 61 51 12 4 77 47 42 45 37 82
0 0 0 0 0 0 0 0 0 0 0 0 0 0 0 0 0 0 0 0 0 0 0 0 0 0 0 0 0 0 0 0 0 0 0 0 0 0 0 0 0 0 0 0 0 0 0 0 0 0 0 0 0 0 0 0 0 0 0 0 0 0 0 0 0 0 0 0 0 0 0 0 0 0 0 0 0 0 0 0 0 0 0 0 0 0 0 0 0 0 0 0 0 0 0 0 0 0 0 0 14 54 101 21 86 18 58 34 73 82 46 52 10 72 95 93 54 93 60 30 10 22 77 97 87 50 40 91 42 99 16 65 75 73 67 62 8 92 98 27 40 40 14 24 20 16 32 34 24 83 9 96 88 42 17 36 91 10 29 69 10 75 58 48 11 62 17 51 93 37 95 36 37 48 4 60 70 9 94 13 65 69 57 23 83 18 96 52 23 20 2 51 49 4 90 22 95 73 79 6
0 0 0 0 0 0 0 0 0 0 0 0 0 0 0 0 0 0 0 0 0 0 0 0 0 0 0 0 0 0 0 0 0 0 0 0 0 0 0 0 0 0 0 0 0 0 0 0 0 0 0 0 0 0 0 0 0 0 0 0 0 0 0 0 0 0 0 0 0 0 0 0 0 0 0 0 0 0 0 0 0 0 0 0 0 0 0 0 0 0 0 0 0 0 0 0 0 0 0 0 0 94 76 88 78 6 76 13 73 6 89 50 41 68 33 10 44 84 34 21 17 45 44 30 96 33 90 90 20 11 87 73 2 51 17 45 65 7 54 78 10 6 81 85 50 43 30 72 56 81 40 53 16 69 49 25 17 56 78 41 75 94 81 16 68 6 29 29 76 40 25 99 65 64 14 85 43 79 41 24 99 23 79 32 99 8 75 38 79 67 94 59 14 63 100 63 24 44 51 32
0 0 0 0 0 0 0 0 0 0 0 0 0 0 0 0 0 0 0 0 0 0 0 0 0 0 0 0 0 0 0 0 0 0 0 0 0 0 0 0 0 0 0 0 0 0 0 0 0 0 0 0 0 0 0 0 0 0 0 0 0 0 0 0 0 0 0 0 0 0 0 0 0 0 0 0 0 0 0 0 0 0 0 0 0 0 0 0 0 0 0 0 0 0 0 0 0 0 0 0 0 0 94 21 3 26 54 101 40 39 3 79 97 97 68 88 50 30 71 44 95 15 82 66 61 98 101 11 48 85 75 61 46 55 100 46 37 77 59 79 50 17 59 27 41 28 90 55 89 42 27 41 41 13 35 76 31 31 2 80 24 58 53 78 42 91 26 71 45 18 89 63 3 86 42 86 98 40 34 14 80 60 50 52 85 9 98 47 23 61 56 19 25 98 73 36 70 52 3 42
0 0 0 0 0 0 0 0 0 0 0 0 0 0 0 0 0 0 0 0 0 0 0 0 0 0 0 0 0 0 0 0 0 0 0 0 0 0 0 0 0 0 0 0 0 0 0 0 0 0 0 0 0 0 0 0 0 0 0 0 0 0 0 0 0 0 0 0 0 0 0 0 0 0 0 0 0 0 0 0 0 0 0 0 0 0 0 0 0 0 0 0 0 0 0 0 0 0 0 0 0 0 0 91 10 27 14 66 70 76 48 51 20 94 94 7 23 64 69 86 89 17 88 61 34 91 96 86 32 77 55 67 78 80 76 42 77 57 73 47 3 96 30 75 68 64 12 49 9 15 77 98 28 85 69 89 96 93 94 10 28 32 89 82 73 99 69 8 48 32 35 65 43 59 58 98 95 83 53 25 47 52 86 29 82 36 20 98 74 21 78 46 101 80 61 23 83 71 25 96
0 0 0 0 0 0 0 0 0 0 0 0 0 0 0 0 0 0 0 0 0 0 0 0 0 0 0 0 0 0 0 0 0 0 0 0 0 0 0 0 0 0 0 0 0 0 0 0 0 0 0 0 0 0 0 0 0 0 0 0 0 0 0 0 0 0 0 0 0 0 0 0 0 0 0 0 0 0 0 0 0 0 0 0 0 0 0 0 0 0 0 0 0 0 0 0 0 0 0 0 0 0 0 0 92 65 20 55 91 30 67 65 85 68 45 69 55 5 72 32 67 62 86 11 14 2 14 71 21 24 80 89 52 32 36 79 91 65 54 12 70 61 60 39 89 68 22 58 9 87 82 90 80 88 50 52 49 43 19 72 43 36 24 2 48 59 33 7 31 70 62 9 101 40 8 34 82 44 48 87 97 66 38 82 16 13 42 94 81 36 49 33 68 50 79 2 101 20 33 28
0 0 0 0 0 0 0 0 0 0 0 0 0 0 0 0 0 0 0 0 0 0 0 0 0 0 0 0 0 0 0 0 0 0 0 0 0 0 0 0 0 0 0 0 0 0 0 0 0 0 0 0 0 0 0 0 0 0 0 0 0 0 0 0 0 0 0 0 0 0 0 0 0 0 0 0 0 0 0 0 0 0 0 0 0 0 0 0 0 0 0 0 0 0 0 0 0 0 0 0 0 0 0 0 0 20 66 92 78 81 27 5 43 35 62 10 24 59 76 84 85 52 46 8 78 77 74 94 33 20 98 85 61 38 88 79 99 60 90 26 55 86 8 36 55 10 46 57 29 38 54 57 58 92 46 55 61 13 90 22 91 55 76 94 24 38 88 6 30 87 101 79 51 74 89 30 21 91 31 24 70 58 45 34 9 90 18 36 84 85 44 40 92 48 88 78 22 63 63 77
0 0 0 0 0 0 0 0 0 0 0 0 0 0 0 0 0 0 0 0 0 0 0 0 0 0 0 0 0 0 0 0 0 0 0 0 0 0 0 0 0 0 0 0 0 0 0 0 0 0 0 0 0 0 0 0 0 0 0 0 0 0 0 0 0 0 0 0 0 0 0 0 0 0 0 0 0 0 0 0 0 0 0 0 0 0 0 0 0 0 0 0 0 0 0 0 0 0 0 0 0 0 0 0 0 0 38 88 35 70 68 30 99 28 5 101 83 82 44 90 3 38 101 99 58 63 75 51 83 20 28 101 7 62 63 14 71 4 40 47 66 68 28 38 27 61 59 30 23 81 66 80 95 16 84 17 43 8 2 33 16 73 88 27 21 62 31 20 92 32 50 6 44 92 81 60 93 80 20 20 88 58 73 9 26 68 9 94 10 13 91 2 37 72 51 69 62 75 98 15
0 0 0 0 0 0 0 0 0 0 0 0 0 0 0 0 0 0 0 0 0 0 0 0 0 0 0 0 0 0 0 0 0 0 0 0 0 0 0 0 0 0 0 0 0 0 0 0 0 0 0 0 0 0 0 0 0 0 0 0 0 0 0 0 0 0 0 0 0 0 0 0 0 0 0 0 0 0 0 0 0 0 0 0 0 0 0 0 0 0 0 0 0 0 0 0 0 0 0 0 0 0 0 0 0 0 0 20 83 31 70 67 13 70 11 100 59 84 84 25 70 94 84 47 98 26 69 75 52 33 94 43 89 96 34 48 25 80 91 55 38 62 21 76 26 76 87 11 79 95 86 58 76 73 3 12 24 22 49 39 81 39 53 44 2 90 30 65 34 26 61 54 36 36 92 55 39 73 13 99 36 96 89 27 62 38 33 28 14 5 38 17 64 11 89 48 47 8 84 4
0 0 0 0 0 0 0 0 0 0 0 0 0 0 0 0 0 0 0 0 0 0 0 0 0 0 0 0 0 0 0 0 0 0 0 0 0 0 0 0 0 0 0 0 0 0 0 0 0 0 0 0 0 0 0 0 0 0 0 0 0 0 0 0 0 0 0 0 0 0 0 0 0 0 0 0 0 0 0 0 0 0 0 0 0 0 0 0 0 0 0 0 0 0 0 0 0 0 0 0 0 0 0 0 0 0 0 0 8 100 28 2 13 35 60 12 31 24 94 60 65 68 38 45 44 73 30 4 9 46 90 74 97 5 49 7 76 74 81 27 88 46 32 36 101 56 33 9 19 97 94 20 47 42 23 87 62 11 21 52 70 33 4 55 62 85 85 57 74 65 6 35 17 29 49 41 9 10 90 80 82 47 51 10 41 60 77 76 13 48 48 96 8 14 29 83 64 47 89 97
0 0 0 0 0 0 0 0 0 0 0 0 0 0 0 0 0 0 0 0 0 0 0 0 0 0 0 0 0 0 0 0 0 0 0 0 0 0 0 0 0 0 0 0 0 0 0 0 0 0 0 0 0 0 0 0 0 0 0 0 0 0 0 0 0 0 0 0 0 0 0 0 0 0 0 0 0 0 0 0 0 0 0 0 0 0 0 0 0 0 0 0 0 0 0 0 0 0 0 0 0 0 0 0 0 0 0 0 0 97 52 56 47 50 82 46 71 49 12 64 96 84 91 60 18 45 6 59 7 80 46 67 95 36 38 22 83 39 66 11 14 26 64 100 49 101 79 45 68 22 51 73 37 52 64 75 37 4 88 59 32 88 62 78 63 3 8 89 92 7 47 41 3 34 55 62 53 17 25 25 92 56 53 21 22 12 86 101 55 25 12 87 59 11 94 93 34 75 95 99
0 0 0 0 0 0 0 0 0 0 0 0 0 0 0 0 0 0 0 0 0 0 0 0 0 0 0 0 0 0 0 0 0 0 0 0 0 0 0 0 0 0 0 0 0 0 0 0 0 0 0 0 0 0 0 0 0 0 0 0 0 0 0 0 0 0 0 0 0 0 0 0 0 0 0 0 0 0 0 0 0 0 0 0 0 0 0 0 0 0 0 0 0 0 0 0 0 0 0 0 0 0 0 0 0 0 0 0 0 0 3 65 39 35 91 38 44 64 74 78 84 89 33 62 30 67 30 99 17 33 59 13 75 45 95 99 39 20 35 58 47 12 28 63 12 40 59 90 64 25 25 69 83 100 63 99 11 64 90 66 91 9 65 51 12 68 54 54 56 46 57 35 44 51 93 79 20 67 74 101 29 13 20 10 47 45 74 29 15 14 18 48 99 50 38 33 46 63 73 21
0 0 0 0 0 0 0 0 0 0 0 0 0 0 0 0 0 0 0 0 0 0 0 0 0 0 0 0 0 0 0 0 0 0 0 0 0 0 0 0 0 0 0 0 0 0 0 0 0 0 0 0 0 0 0 0 0 0 0 0 0 0 0 0 0 0 0 0 0 0 0 0 0 0 0 0 0 0 0 0 0 0 0 0 0 0 0 0 0 0 0 0 0 0 0 0 0 0 0 0 0 0 0 0 0 0 0 0 0 0 0 65 66 16 84 43 63 16 55 70 38 40 78 34 34 60 77 83 69 40 38 13 44 34 24 25 17 41 78 64 15 46 75 56 84 89 32 77 65 82 99 32 62 62 97 12 9 10 13 70 88 29 33 60 38 44 10 70 4 13 32 22 48 15 47 45 99 5 55 60 72 20 56 14 42 68 6 33 16 95 66 97 20 44 2 59 51 49 57 64
0 0 0 0 0 0 0 0 0 0 0 0 0 0 0 0 0 0 0 0 0 0 0 0 0 0 0 0 0 0 0 0 0 0 0 0 0 0 0 0 0 0 0 0 0 0 0 0 0 0 0 0 0 0 0 0 0 0 0 0 0 0 0 0 0 0 0 0 0 0 0 0 0 0 0 0 0 0 0 0 0 0 0 0 0 0 0 0 0 0 0 0 0 0 0 0 0 0 0 0 0 0 0 0 0 0 0 0 0 0 0 0 19 8 42 93 28 97 23 22 68 46 67 43 100 83 75 77 71 76 89 72 47 50 45 93 92 7 69 91 76 17 58 93 58 36 8 80 35 4 35 94 51 96 65 99 22 100 9 75 27 25 96 40 83 26 56 53 11 69 8 2 68 11 4 86 80 37 33 99 62 98 55 42 20 60 3 8 75 55 43 33 35 89 15 6 26 99 8 9
0 0 0 0 0 0 0 0 0 0 0 0 0 0 0 0 0 0 0 0 0 0 0 0 0 0 0 0 0 0 0 0 0 0 0 0 0 0 0 0 0 0 0 0 0 0 0 0 0 0 0 0 0 0 0 0 0 0 0 0 0 0 0 0 0 0 0 0 0 0 0 0 0 0 0 0 0 0 0 0 0 0 0 0 0 0 0 0 0 0 0 0 0 0 0 0 0 0 0 0 0 0 0 0 0 0 0 0 0 0 0 0 0 31 72 59 99 5 24 45 13 41 19 71 36 63 24 19 46 58 31 64 66 7 93 80 75 55 78 44 34 6 58 47 91 49 20 93 84 22 75 62 85 65 97 79 12 48 86 29 62 35 37 25 56 77 9 66 58 65 76 19 67 94 16 67 37 41 77 85 43 88 82 98 8 20 10 46 54 100 35 24 36 96 64 59 65 41 59 11
0 0 0 0 0 0 0 0 0 0 0 0 0 0 0 0 0 0 0 0 0 0 0 0 0 0 0 0 0 0 0 0 0 0 0 0 0 0 0 0 0 0 0 0 0 0 0 0 0 0 0 0 0 0 0 0 0 0 0 0 0 0 0 0 0 0 0 0 0 0 0 0 0 0 0 0 0 0 0 0 0 0 0 0 0 0 0 0 0 0 0 0 0 0 0 0 0 0 0 0 0 0 0 0 0 0 0 0 0 0 0 0 0 0 6 50 36 29 72 59 15 54 100 26 50 73 54 6 66 15 97 7 45 32 56 52 22 80 101 64 79 15 70 27 37 13 73 20 58 14 27 23 43 92 80 59 66 72 85 16 96 74 32 66 23 55 8 68 4 22 6 17 55 89 12 46 86 3 92 11 3 13 21 65 13 14 99 46 83 34 19 100 97 79 8 62 35 82 37 46
0 0 0 0 0 0 0 0 0 0 0 0 0 0 0 0 0 0 0 0 0 0 0 0 0 0 0 0 0 0 0 0 0 0 0 0 0 0 0 0 0 0 0 0 0 0 0 0 0 0 0 0 0 0 0 0 0 0 0 0 0 0 0 0 0 0 0 0 0 0 0 0 0 0 0 0 0 0 0 0 0 0 0 0 0 0 0 0 0 0 0 0 0 0 0 0 0 0 0 0 0 0 0 0 0 0 0 0 0 0 0 0 0 0 0 86 6 49 60 16 63 56 82 70 49 20 49 93 41 41 33 80 32 7 4 82 77 27 63 46 88 97 47 43 58 29 69 73 78 71 44 30 5 14 11 81 13 54 11 87 61 39 64 7 13 27 43 97 96 52 55 48 97 90 52 51 79 48 18 13 77 50 74 71 21 20 89 99 51 52 55 71 44 6 55 10 89 21 44 14
0 0 0 0 0 0 0 0 0 0 0 0 0 0 0 0 0 0 0 0 0 0 0 0 0 0 0 0 0 0 0 0 0 0 0 0 0 0 0 0 0 0 0 0 0 0 0 0 0 0 0 0 0 0 0 0 0 0 0 0 0 0 0 0 0 0 0 0 0 0 0 0 0 0 0 0 0 0 0 0 0 0 0 0 0 0 0 0 0 0 0 0 0 0 0 0 0 0 0 0 0 0 0 0 0 0 0 0 0 0 0 0 0 0 0 0 95 11 8 91 29 50 63 15 62 55 5 78 46 90 10 50 42 14 68 85 63 10 75 75 52 72 84 87 52 41 28 99 58 76 36 67 13 90 27 34 46 3 48 40 37 89 52 34 72 77 93 59 73 28 27 62 94 67 67 8 55 9 65 64 94 93 97 5 80 20 75 35 62 5 81 52 101 59 72 27 17 62 88 99
0 0 0 0 0 0 0 0 0 0 0 0 0 0 0 0 0 0 0 0 0 0 0 0 0 0 0 0 0 0 0 0 0 0 0 0 0 0 0 0 0 0 0 0 0 0 0 0 0 0 0 0 0 0 0 0 0 0 0 0 0 0 0 0 0 0 0 0 0 0 0 0 0 0 0 0 0 0 0 0 0 0 0 0 0 0 0 0 0 0 0 0 0 0 0 0 0 0 0 0 0 0 0 0 0 0 0 0 0 0 0 0 0 0 0 0 0 47 85 29 75 3 5 30 63 55 31 41 74 94 30 30 97 69 77 65 56 24 19 30 6 91 16 40 73 67 93 34 46 20 31 41 93 48 61 27 99 9 22 49 43 55 5 52 12 18 63 31 58 98 62 17 27 63 89 46 45 40 29 73 78 31 72 93 17 59 91 98 77 75 38 86 75 17 11 64 83 25 84 67
0 0 0 0 0 0 0 0 0 0 0 0 0 0 0 0 0 0 0 0 0 0 0 0 0 0 0 0 0 0 0 0 0 0 0 0 0 0 0 0 0 0 0 0 0 0 0 0 0 0 0 0 0 0 0 0 0 0 0 0 0 0 0 0 0 0 0 0 0 0 0 0 0 0 0 0 0 0 0 0 0 0 0 0 0 0 0 0 0 0 0 0 0 0 0 0 0 0 0 0 0 0 0 0 0 0 0 0 0 0 0 0 0 0 0 0 0 0 67 14 25 14 43 100 39 50 64 33 70 73 100 93 24 35 40 57 64 29 79 86 13 16 92 23 91 95 85 21 26 78 67 46 5 39 16 43 21 65 70 16 32 27 88 80 99 8 16 85 35 27 55 39 85 36 51 78 89 87 46 29 56 63 72 72 35 11 23 62 9 62 20 14 66 23 82 53 89 63 23 43
0 0 0 0 0 0 0 0 0 0 0 0 0 0 0 0 0 0 0 0 0 0 0 0 0 0 0 0 0 0 0 0 0 0 0 0 0 0 0 0 0 0 0 0 0 0 0 0 0 0 0 0 0 0 0 0 0 0 0 0 0 0 0 0 0 0 0 0 0 0 0 0 0 0 0 0 0 0 0 0 0 0 0 0 0 0 0 0 0 0 0 0 0 0 0 0 0 0 0 0 0 0 0 0 0 0 0 0 0 0 0 0 0 0 0 0 0 0 0 64 91 35 82 73 23 22 53 76 20 33 80 28 23 45 39 11 65 6 33 44 37 78 72 13 68 65 16 73 86 85 95 34 37 29 51 94 96 17 72 52 48 55 57 50 96 38 10 94 32 86 25 17 34 90 46 92 52 58 44 98 42 7 46 22 34 49 13 18 23 94 55 61 99 29 86 54 28 83 52 60
0 0 0 0 0 0 0 0 0 0 0 0 0 0 0 0 0 0 0 0 0 0 0 0 0 0 0 0 0 0 0 0 0 0 0 0 0 0 0 0 0 0 0 0 0 0 0 0 0 0 0 0 0 0 0 0 0 0 0 0 0 0 0 0 0 0 0 0 0 0 0 0 0 0 0 0 0 0 0 0 0 0 0 0 0 0 0 0 0 0 0 0 0 0 0 0 0 0 0 0 0 0 0 0 0 0 0 0 0 0 0 0 0 0 0 0 0 0 0 0 64 101 60 21 55 73 31 50 5 22 56 89 88 91 66 18 32 34 41 87 45 31 81 25 49 50 90 3 40 86 47 17 34 80 77 48 75 44 3 30 76 57 13 64 93 6 14 17 74 31 25 93 31 76 97 61 74 18 84 50 69 40 30 29 34 56 93 68 32 5 59 97 38 60 16 15 88 21 15 62
0 0 0 0 0 0 0 0 0 0 0 0 0 0 0 0 0 0 0 0 0 0 0 0 0 0 0 0 0 0 0 0 0 0 0 0 0 0 0 0 0 0 0 0 0 0 0 0 0 0 0 0 0 0 0 0 0 0 0 0 0 0 0 0 0 0 0 0 0 0 0 0 0 0 0 0 0 0 0 0 0 0 0 0 0 0 0 0 0 0 0 0 0 0 0 0 0 0 0 0 0 0 0 0 0 0 0 0 0 0 0 0 0 0 0 0 0 0 0 0 0 21 76 46 48 28 31 100 101 65 13 4 51 54 71 62 30 49 68 99 20 58 30 31 14 26 6 23 63 84 33 78 64 12 64 33 14 27 53 27 37 59 74 81 85 4 30 34 39 75 41 59 84 89 63 101 15 46 36 61 47 87 64 56 71 49 45 24 81 8 77 13 18 75 66 32 67 26 35 96
0 0 0 0 0 0 0 0 0 0 0 0 0 0 0 0 0 0 0 0 0 0 0 0 0 0 0 0 0 0 0 0 0 0 0 0 0 0 0 0 0 0 0 0 0 0 0 0 0 0 0 0 0 0 0 0 0 0 0 0 0 0 0 0 0 0 0 0 0 0 0 0 0 0 0 0 0 0 0 0 0 0 0 0 0 0 0 0 0 0 0 0 0 0 0 0 0 0 0 0 0 0 0 0 0 0 0 0 0 0 0 0 0 0 0 0 0 0 0 0 0 0 79 68 94 31 89 83 64 5 26 16 15 13 97 20 101 45 37 55 49 101 55 43 13 75 61 80 72 19 65 16 7 3 85 27 35 9 14 36 58 71 48 43 50 18 58 4 4 2 36 60 9 75 5 54 26 38 78 5 35 35 97 59 26 84 94 26 61 78 83 96 93 23 78 19 84 34 83 93
0 0 0 0 0 0 0 0 0 0 0 0 0 0 0 0 0 0 0 0 0 0 0 0 0 0 0 0 0 0 0 0 0 0 0 0 0 0 0 0 0 0 0 0 0 0 0 0 0 0 0 0 0 0 0 0 0 0 0 0 0 0 0 0 0 0 0 0 0 0 0 0 0 0 0 0 0 0 0 0 0 0 0 0 0 0 0 0 0 0 0 0 0 0 0 0 0 0 0 0 0 0 0 0 0 0 0 0 0 0 0 0 0 0 0 0 0 0 0 0 0 0 0 79 27 18 44 78 83 44 43 34 39 50 29 47 78 55 51 92 81 64 20 52 5 17 27 16 61 48 96 29 37 66 79 72 51 36 95 98 33 9 18 59 59 78 12 39 59 9 92 36 39 54 86 49 27 26 90 25 24 84 56 8 82 32 35 14 91 22 61 89 9 38 25 75 39 46 11 76
0 0 0 0 0 0 0 0 0 0 0 0 0 0 0 0 0 0 0 0 0 0 0 0 0 0 0 0 0 0 0 0 0 0 0 0 0 0 0 0 0 0 0 0 0 0 0 0 0 0 0 0 0 0 0 0 0 0 0 0 0 0 0 0 0 0 0 0 0 0 0 0 0 0 0 0 0 0 0 0 0 0 0 0 0 0 0 0 0 0 0 0 0 0 0 0 0 0 0 0 0 0 0 0 0 0 0 0 0 0 0 0 0 0 0 0 0 0 0 0 0 0 0 0 91 28 88 61 97 69 79 83 66 7 5 57 75 75 63 62 24 43 59 39 84 48 39 79 74 94 3 61 34 9 28 3 15 70 33 91 91 49 96 81 27 62 4 22 9 99 101 48 64 60 95 47 25 11 30 66 4 16 19 71 7 81 71 43 56 63 76 78 84 31 8 33 20 35 66 87
0 0 0 0 0 0 0 0 0 0 0 0 0 0 0 0 0 0 0 0 0 0 0 0 0 0 0 0 0 0 0 0 0 0 0 0 0 0 0 0 0 0 0 0 0 0 0 0 0 0 0 0 0 0 0 0 0 0 0 0 0 0 0 0 0 0 0 0 0 0 0 0 0 0 0 0 0 0 0 0 0 0 0 0 0 0 0 0 0 0 0 0 0 0 0 0 0 0 0 0 0 0 0 0 0 0 0 0 0 0 0 0 0 0 0 0 0 0 0 0 0 0 0 0 0 100 62 35 17 64 59 67 68 43 82 12 53 80 54 87 43 54 42 99 57 55 46 94 36 64 91 39 32 26 67 82 83 24 28 41 90 24 17 44 11 93 5 35 73 26 31 48 63 8 95 5 11 37 47 7 70 50 32 54 91 19 43 81 31 84 30 94 39 54 77 32 77 13 52 84
0 0 0 0 0 0 0 0 0 0 0 0 0 0 0 0 0 0 0 0 0 0 0 0 0 0 0 0 0 0 0 0 0 0 0 0 0 0 0 0 0 0 0 0 0 0 0 0 0 0 0 0 0 0 0 0 0 0 0 0 0 0 0 0 0 0 0 0 0 0 0 0 0 0 0 0 0 0 0 0 0 0 0 0 0 0 0 0 0 0 0 0 0 0 0 0 0 0 0 0 0 0 0 0 0 0 0 0 0 0 0 0 0 0 0 0 0 0 0 0 0 0 0 0 0 0 75 100 24 88 8 38 101 45 90 19 94 10 94 17 56 40 6 46 63 98 93 15 32 101 48 34 52 43 101 85 17 67 84 4 77 53 70 23 65 21 27 100 37 2 88 78 58 6 54 34 16 44 19 11 79 97 64 81 65 89 11 46 99 78 79 50 86 7 31 98 91 23 69 63
0 0 0 0 0 0 0 0 0 0 0 0 0 0 0 0 0 0 0 0 0 0 0 0 0 0 0 0 0 0 0 0 0 0 0 0 0 0 0 0 0 0 0 0 0 0 0 0 0 0 0 0 0 0 0 0 0 0 0 0 0 0 0 0 0 0 0 0 0 0 0 0 0 0 0 0 0 0 0 0 0 0 0 0 0 0 0 0 0 0 0 0 0 0 0 0 0 0 0 0 0 0 0 0 0 0 0 0 0 0 0 0 0 0 0 0 0 0 0 0 0 0 0 0 0 0 0 6 61 96 35 44 83 43 81 66 3 42 77 24 96 9 92 10 95 56 19 64 15 21 4 78 96 39 71 15 63 67 53 25 18 25 60 30 34 57 92 33 87 23 75 34 81 93 82 86 9 78 11 84 17 74 84 59 97 66 44 61 100 55 28 26 87 92 66 75 29 93 16 78
0 0 0 0 0 0 0 0 0 0 0 0 0 0 0 0 0 0 0 0 0 0 0 0 0 0 0 0 0 0 0 0 0 0 0 0 0 0 0 0 0 0 0 0 0 0 0 0 0 0 0 0 0 0 0 0 0 0 0 0 0 0 0 0 0 0 0 0 0 0 0 0 0 0 0 0 0 0 0 0 0 0 0 0 0 0 0 0 0 0 0 0 0 0 0 0 0 0 0 0 0 0 0 0 0 0 0 0 0 0 0 0 0 0 0 0 0 0 0 0 0 0 0 0 0 0 0 0 53 81 61 35 20 76 20 88 34 39 43 99 42 61 93 15 9 29 27 52 21 81 86 35 5 91 41 74 82 29 95 46 38 83 75 42 5 59 81 46 31 46 70 90 84 34 89 59 62 42 80 67 59 36 39 64 78 75 13 64 81 99 73 33 79 15 48 29 20 76 91 55
0 0 0 0 0 0 0 0 0 0 0 0 0 0 0 0 0 0 0 0 0 0 0 0 0 0 0 0 0 0 0 0 0 0 0 0 0 0 0 0 0 0 0 0 0 0 0 0 0 0 0 0 0 0 0 0 0 0 0 0 0 0 0 0 0 0 0 0 0 0 0 0 0 0 0 0 0 0 0 0 0 0 0 0 0 0 0 0 0 0 0 0 0 0 0 0 0 0 0 0 0 0 0 0 0 0 0 0 0 0 0 0 0 0 0 0 0 0 0 0 0 0 0 0 0 0 0 0 0 57 86 80 63 21 57 8 91 48 22 97 7 75 74 46 77 11 2 33 38 94 38 76 44 85 9 62 97 75 3 25 33 12 28 92 19 57 95 39 28 91 11 32 59 33 8 77 46 64 31 92 38 72 53 85 58 95 65 40 58 16 51 38 15 65 51 40 95 14 79 72
0 0 0 0 0 0 0 0 0 0 0 0 0 0 0 0 0 0 0 0 0 0 0 0 0 0 0 0 0 0 0 0 0 0 0 0 0 0 0 0 0 0 0 0 0 0 0 0 0 0 0 0 0 0 0 0 0 0 0 0 0 0 0 0 0 0 0 0 0 0 0 0 0 0 0 0 0 0 0 0 0 0 0 0 0 0 0 0 0 0 0 0 0 0 0 0 0 0 0 0 0 0 0 0 0 0 0 0 0 0 0 0 0 0 0 0 0 0 0 0 0 0 0 0 0 0 0 0 0 0 67 9 94 49 17 84 86 5 8 43 96 20 8 64 70 60 91 26 68 10 14 34 68 63 95 70 87 8 77 7 94 90 82 14 13 97 101 43 68 94 45 83 53 28 82 50 54 6 54 57 21 47 82 64 92 100 59 24 81 7 34 31 94 59 38 56 11 81 52 89
0 0 0 0 0 0 0 0 0 0 0 0 0 0 0 0 0 0 0 0 0 0 0 0 0 0 0 0 0 0 0 0 0 0 0 0 0 0 0 0 0 0 0 0 0 0 0 0 0 0 0 0 0 0 0 0 0 0 0 0 0 0 0 0 0 0 0 0 0 0 0 0 0 0 0 0 0 0 0 0 0 0 0 0 0 0 0 0 0 0 0 0 0 0 0 0 0 0 0 0 0 0 0 0 0 0 0 0 0 0 0 0 0 0 0 0 0 0 0 0 0 0 0 0 0 0 0 0 0 0 0 87 24 25 92 65 97 57 5 7 61 20 80 34 36 2 59 29 79 85 43 4 11 101 37 31 39 13 52 3 53 27 60 22 28 99 72 90 76 31 52 61 22 94 16 54 42 12 39 56 28 86 43 66 14 90 76 88 50 53 31 94 14 95 81 82 74 40 6 43
0 0 0 0 0 0 0 0 0 0 0 0 0 0 0 0 0 0 0 0 0 0 0 0 0 0 0 0 0 0 0 0 0 0 0 0 0 0 0 0 0 0 0 0 0 0 0 0 0 0 0 0 0 0 0 0 0 0 0 0 0 0 0 0 0 0 0 0 0 0 0 0 0 0 0 0 0 0 0 0 0 0 0 0 0 0 0 0 0 0 0 0 0 0 0 0 0 0 0 0 0 0 0 0 0 0 0 0 0 0 0 0 0 0 0 0 0 0 0 0 0 0 0 0 0 0 0 0 0 0 0 0 19 90 67 100 26 58 15 93 41 26 45 8 64 101 97 80 34 50 50 79 10 66 83 95 77 83 35 23 60 87 101 30 23 75 48 20 41 24 65 20 43 76 61 3 43 91 53 12 81 43 56 16 58 10 32 96 77 33 59 50 72 36 60 75 54 63 55 35
0 0 0 0 0 0 0 0 0 0 0 0 0 0 0 0 0 0 0 0 0 0 0 0 0 0 0 0 0 0 0 0 0 0 0 0 0 0 0 0 0 0 0 0 0 0 0 0 0 0 0 0 0 0 0 0 0 0 0 0 0 0 0 0 0 0 0 0 0 0 0 0 0 0 0 0 0 0 0 0 0 0 0 0 0 0 0 0 0 0 0 0 0 0 0 0 0 0 0 0 0 0 0 0 0 0 0 0 0 0 0 0 0 0 0 0 0 0 0 0 0 0 0 0 0 0 0 0 0 0 0 0 0 81 5 60 79 68 33 23 82 28 10 93 29 38 85 90 53 73 39 66 2 44 65 19 97 78 49 9 53 6 49 51 100 23 53 17 57 20 89 29 14 39 4 46 59 8 85 81 17 37 76 4 9 93 67 92 55 39 31 47 88 30 10 53 71 52 86 65
0 0 0 0 0 0 0 0 0 0 0 0 0 0 0 0 0 0 0 0 0 0 0 0 0 0 0 0 0 0 0 0 0 0 0 0 0 0 0 0 0 0 0 0 0 0 0 0 0 0 0 0 0 0 0 0 0 0 0 0 0 0 0 0 0 0 0 0 0 0 0 0 0 0 0 0 0 0 0 0 0 0 0 0 0 0 0 0 0 0 0 0 0 0 0 0 0 0 0 0 0 0 0 0 0 0 0 0 0 0 0 0 0 0 0 0 0 0 0 0 0 0 0 0 0 0 0 0 0 0 0 0 0 0 94 68 80 67 60 32 17 19 42 36 101 8 89 33 75 10 72 80 60 79 17 73 95 30 22 46 98 19 41 42 87 29 33 31 74 32 98 88 100 31 39 60 73 98 55 49 60 101 16 47 77 25 91 77 96 87 16 33 38 54 67 33 16 83 93 19
0 0 0 0 0 0 0 0 0 0 0 0 0 0 0 0 0 0 0 0 0 0 0 0 0 0 0 0 0 0 0 0 0 0 0 0 0 0 0 0 0 0 0 0 0 0 0 0 0 0 0 0 0 0 0 0 0 0 0 0 0 0 0 0 0 0 0 0 0 0 0 0 0 0 0 0 0 0 0 0 0 0 0 0 0 0 0 0 0 0 0 0 0 0 0 0 0 0 0 0 0 0 0 0 0 0 0 0 0 0 0 0 0 0 0 0 0 0 0 0 0 0 0 0 0 0 0 0 0 0 0 0 0 0 0 46 8 33 71 11 17 62 73 29 62 62 73 95 13 36 49 3 43 74 95 13 23 85 96 87 8 94 85 32 94 20 70 69 49 32 32 57 72 54 53 14 67 46 19 28 51 98 96 30 94 22 84 20 41 21 98 35 5 15 21 63 60 71 37 43
0 0 0 0 0 0 0 0 0 0 0 0 0 0 0 0 0 0 0 0 0 0 0 0 0 0 0 0 0 0 0 0 0 0 0 0 0 0 0 0 0 0 0 0 0 0 0 0 0 0 0 0 0 0 0 0 0 0 0 0 0 0 0 0 0 0 0 0 0 0 0 0 0 0 0 0 0 0 0 0 0 0 0 0 0 0 0 0 0 0 0 0 0 0 0 0 0 0 0 0 0 0 0 0 0 0 0 0 0 0 0 0 0 0 0 0 0 0 0 0 0 0 0 0 0 0 0 0 0 0 0 0 0 0 0 0 40 33 93 25 36 32 5 84 47 67 98 22 24 59 98 66 44 6 84 15 52 93 22 15 45 22 43 67 24 4 82 68 50 3 50 14 52 60 52 14 79 18 64 68 42 16 10 59 22 52 45 38 41 45 92 5 29 45 94 77 36 15 2 45
0 0 0 0 0 0 0 0 0 0 0 0 0 0 0 0 0 0 0 0 0 0 0 0 0 0 0 0 0 0 0 0 0 0 0 0 0 0 0 0 0 0 0 0 0 0 0 0 0 0 0 0 0 0 0 0 0 0 0 0 0 0 0 0 0 0 0 0 0 0 0 0 0 0 0 0 0 0 0 0 0 0 0 0 0 0 0 0 0 0 0 0 0 0 0 0 0 0 0 0 0 0 0 0 0 0 0 0 0 0 0 0 0 0 0 0 0 0 0 0 0 0 0 0 0 0 0 0 0 0 0 0 0 0 0 0 0 13 74 49 81 100 42 34 22 23 3 20 90 42 39 8 8 34 62 99 32 2 12 13 50 46 80 39 37 63 76 19 80 54 81 15 28 37 92 69 39 82 60 37 35 51 63 60 24 48 101 52 17 79 46 72 58 95 49 33 82 10 49 67
0 0 0 0 0 0 0 0 0 0 0 0 0 0 0 0 0 0 0 0 0 0 0 0 0 0 0 0 0 0 0 0 0 0 0 0 0 0 0 0 0 0 0 0 0 0 0 0 0 0 0 0 0 0 0 0 0 0 0 0 0 0 0 0 0 0 0 0 0 0 0 0 0 0 0 0 0 0 0 0 0 0 0 0 0 0 0 0 0 0 0 0 0 0 0 0 0 0 0 0 0 0 0 0 0 0 0 0 0 0 0 0 0 0 0 0 0 0 0 0 0 0 0 0 0 0 0 0 0 0 0 0 0 0 0 0 0 0 66 61 77 16 85 23 21 13 63 71 88 69 95 11 40 80 61 76 101 48 59 61 39 100 55 2 54 57 32 2 30 95 24 53 33 10 70 69 77 7 3 66 94 42 56 83 55 49 48 34 25 41 10 30 50 7 96 69 95 7 10 3
0 0 0 0 0 0 0 0 0 0 0 0 0 0 0 0 0 0 0 0 0 0 0 0 0 0 0 0 0 0 0 0 0 0 0 0 0 0 0 0 0 0 0 0 0 0 0 0 0 0 0 0 0 0 0 0 0 0 0 0 0 0 0 0 0 0 0 0 0 0 0 0 0 0 0 0 0 0 0 0 0 0 0 0 0 0 0 0 0 0 0 0 0 0 0 0 0 0 0 0 0 0 0 0 0 0 0 0 0 0 0 0 0 0 0 0 0 0 0 0 0 0 0 0 0 0 0 0 0 0 0 0 0 0 0 0 0 0 0 80 29 100 86 91 13 71 37 48 100 85 39 89 61 29 6 77 26 44 14 53 77 27 100 94 78 34 6 62 73 52 41 23 63 8 27 9 23 44 38 8 93 76 68 50 18 6 54 91 63 2 49 84 90 66 72 82 12 88 63 6
0 0 0 0 0 0 0 0 0 0 0 0 0 0 0 0 0 0 0 0 0 0 0 0 0 0 0 0 0 0 0 0 0 0 0 0 0 0 0 0 0 0 0 0 0 0 0 0 0 0 0 0 0 0 0 0 0 0 0 0 0 0 0 0 0 0 0 0 0 0 0 0 0 0 0 0 0 0 0 0 0 0 0 0 0 0 0 0 0 0 0 0 0 0 0 0 0 0 0 0 0 0 0 0 0 0 0 0 0 0 0 0 0 0 0 0 0 0 0 0 0 0 0 0 0 0 0 0 0 0 0 0 0 0 0 0 0 0 0 0 2 47 93 83 20 81 72 55 14 13 28 71 11 24 16 17 91 65 6 100 10 30 22 32 50 24 17 67 88 76 9 82 75 77 80 11 28 31 53 45 30 17 47 33 84 99 65 67 69 37 15 11 16 91 61 72 81 29 41 78
0 0 0 0 0 0 0 0 0 0 0 0 0 0 0 0 0 0 0 0 0 0 0 0 0 0 0 0 0 0 0 0 0 0 0 0 0 0 0 0 0 0 0 0 0 0 0 0 0 0 0 0 0 0 0 0 0 0 0 0 0 0 0 0 0 0 0 0 0 0 0 0 0 0 0 0 0 0 0 0 0 0 0 0 0 0 0 0 0 0 0 0 0 0 0 0 0 0 0 0 0 0 0 0 0 0 0 0 0 0 0 0 0 0 0 0 0 0 0 0 0 0 0 0 0 0 0 0 0 0 0 0 0 0 0 0 0 0 0 0 0 23 10 19 61 95 97 4 41 11 87 67 32 57 81 65 12 29 57 100 93 44 45 99 76 71 6 38 89 100 37 56 15 15 20 63 77 28 15 58 13 18 66 38 84 86 69 68 53 98 38 69 49 4 22 75 59 87 93 6
0 0 0 0 0 0 0 0 0 0 0 0 0 0 0 0 0 0 0 0 0 0 0 0 0 0 0 0 0 0 0 0 0 0 0 0 0 0 0 0 0 0 0 0 0 0 0 0 0 0 0 0 0 0 0 0 0 0 0 0 0 0 0 0 0 0 0 0 0 0 0 0 0 0 0 0 0 0 0 0 0 0 0 0 0 0 0 0 0 0 0 0 0 0 0 0 0 0 0 0 0 0 0 0 0 0 0 0 0 0 0 0 0 0 0 0 0 0 0 0 0 0 0 0 0 0 0 0 0 0 0 0 0 0 0 0 0 0 0 0 0 0 18 58 60 101 91 66 23 3 41 38 76 94 30 4 48 41 27 28 87 15 14 26 11 57 11 58 99 29 36 88 90 8 52 33 27 90 48 25 11 97 4 97 64 99 66 80 12 28 47 82 59 56 66 59 89 61 30 23
0 0 0 0 0 0 0 0 0 0 0 0 0 0 0 0 0 0 0 0 0 0 0 0 0 0 0 0 0 0 0 0 0 0 0 0 0 0 0 0 0 0 0 0 0 0 0 0 0 0 0 0 0 0 0 0 0 0 0 0 0 0 0 0 0 0 0 0 0 0 0 0 0 0 0 0 0 0 0 0 0 0 0 0 0 0 0 0 0 0 0 0 0 0 0 0 0 0 0 0 0 0 0 0 0 0 0 0 0 0 0 0 0 0 0 0 0 0 0 0 0 0 0 0 0 0 0 0 0 0 0 0 0 0 0 0 0 0 0 0 0 0 0 29 79 35 63 95 81 70 68 43 4 27 31 16 99 82 74 63 55 53 2 7 26 8 22 74 76 7 13 64 56 36 30 61 27 68 75 76 95 10 46 96 49 17 58 46 2 74 62 12 12 66 71 81 39 51 75 34
0 0 0 0 0 0 0 0 0 0 0 0 0 0 0 0 0 0 0 0 0 0 0 0 0 0 0 0 0 0 0 0 0 0 0 0 0 0 0 0 0 0 0 0 0 0 0 0 0 0 0 0 0 0 0 0 0 0 0 0 0 0 0 0 0 0 0 0 0 0 0 0 0 0 0 0 0 0 0 0 0 0 0 0 0 0 0 0 0 0 0 0 0 0 0 0 0 0 0 0 0 0 0 0 0 0 0 0 0 0 0 0 0 0 0 0 0 0 0 0 0 0 0 0 0 0 0 0 0 0 0 0 0 0 0 0 0 0 0 0 0 0 0 0 28 32 80 36 44 32 79 79 32 58 25 17 72 49 25 88 45 15 13 101 91 64 37 51 45 45 54 60 63 72 5 58 32 79 50 4 16 43 83 10 68 25 38 49 47 23 12 97 49 28 62 100 66 31 47 76
0 0 0 0 0 0 0 0 0 0 0 0 0 0 0 0 0 0 0 0 0 0 0 0 0 0 0 0 0 0 0 0 0 0 0 0 0 0 0 0 0 0 0 0 0 0 0 0 0 0 0 0 0 0 0 0 0 0 0 0 0 0 0 0 0 0 0 0 0 0 0 0 0 0 0 0 0 0 0 0 0 0 0 0 0 0 0 0 0 0 0 0 0 0 0 0 0 0 0 0 0 0 0 0 0 0 0 0 0 0 0 0 0 0 0 0 0 0 0 0 0 0 0 0 0 0 0 0 0 0 0 0 0 0 0 0 0 0 0 0 0 0 0 0 0 28 87 66 37 9 25 68 77 51 33 30 25 41 31 18 4 60 5 89 62 42 45 50 26 71 71 17 46 14 75 37 13 64 86 14 68 11 43 2 17 3 7 38 6 26 6 6 12 6 11 27 16 54 42 33
0 0 0 0 0 0 0 0 0 0 0 0 0 0 0 0 0 0 0 0 0 0 0 0 0 0 0 0 0 0 0 0 0 0 0 0 0 0 0 0 0 0 0 0 0 0 0 0 0 0 0 0 0 0 0 0 0 0 0 0 0 0 0 0 0 0 0 0 0 0 0 0 0 0 0 0 0 0 0 0 0 0 0 0 0 0 0 0 0 0 0 0 0 0 0 0 0 0 0 0 0 0 0 0 0 0 0 0 0 0 0 0 0 0 0 0 0 0 0 0 0 0 0 0 0 0 0 0 0 0 0 0 0 0 0 0 0 0 0 0 0 0 0 0 0 0 19 2 80 39 18 57 41 101 74 81 55 89 79 26 58 14 87 64 26 24 100 81 38 52 47 44 3 6 65 65 7 70 50 48 11 101 3 8 78 68 45 33 66 31 26 59 55 78 32 63 64 48 61 50
0 0 0 0 0 0 0 0 0 0 0 0 0 0 0 0 0 0 0 0 0 0 0 0 0 0 0 0 0 0 0 0 0 0 0 0 0 0 0 0 0 0 0 0 0 0 0 0 0 0 0 0 0 0 0 0 0 0 0 0 0 0 0 0 0 0 0 0 0 0 0 0 0 0 0 0 0 0 0 0 0 0 0 0 0 0 0 0 0 0 0 0 0 0 0 0 0 0 0 0 0 0 0 0 0 0 0 0 0 0 0 0 0 0 0 0 0 0 0 0 0 0 0 0 0 0 0 0 0 0 0 0 0 0 0 0 0 0 0 0 0 0 0 0 0 0 0 11 99 64 91 95 72 40 32 43 85 62 85 72 59 26 22 81 15 53 2 73 25 21 83 29 91 34 54 3 16 14 33 13 44 66 97 38 31 6 93 39 14 52 14 62 13 64 44 37 74 50 94 26
0 0 0 0 0 0 0 0 0 0 0 0 0 0 0 0 0 0 0 0 0 0 0 0 0 0 0 0 0 0 0 0 0 0 0 0 0 0 0 0 0 0 0 0 0 0 0 0 0 0 0 0 0 0 0 0 0 0 0 0 0 0 0 0 0 0 0 0 0 0 0 0 0 0 0 0 0 0 0 0 0 0 0 0 0 0 0 0 0 0 0 0 0 0 0 0 0 0 0 0 0 0 0 0 0 0 0 0 0 0 0 0 0 0 0 0 0 0 0 0 0 0 0 0 0 0 0 0 0 0 0 0 0 0 0 0 0 0 0 0 0 0 0 0 0 0 0 0 26 32 43 11 42 35 25 34 41 20 60 2 9 59 12 31 20 93 70 82 42 62 101 69 48 19 4 57 56 88 20 90 89 16 13 79 63 37 61 94 28 20 82 82 74 96 53 65 35 92 56 82
0 0 0 0 0 0 0 0 0 0 0 0 0 0 0 0 0 0 0 0 0 0 0 0 0 0 0 0 0 0 0 0 0 0 0 0 0 0 0 0 0 0 0 0 0 0 0 0 0 0 0 0 0 0 0 0 0 0 0 0 0 0 0 0 0 0 0 0 0 0 0 0 0 0 0 0 0 0 0 0 0 0 0 0 0 0 0 0 0 0 0 0 0 0 0 0 0 0 0 0 0 0 0 0 0 0 0 0 0 0 0 0 0 0 0 0 0 0 0 0 0 0 0 0 0 0 0 0 0 0 0 0 0 0 0 0 0 0 0 0 0 0 0 0 0 0 0 0 0 92 53 19 66 18 68 76 13 68 2 3 96 49 72 4 50 64 78 17 39 41 98 96 72 25 60 97 17 97 98 73 77 68 12 90 4 92 3 30 13 58 51 2 80 86 51 50 19 16 98 28
0 0 0 0 0 0 0 0 0 0 0 0 0 0 0 0 0 0 0 0 0 0 0 0 0 0 0 0 0 0 0 0 0 0 0 0 0 0 0 0 0 0 0 0 0 0 0 0 0 0 0 0 0 0 0 0 0 0 0 0 0 0 0 0 0 0 0 0 0 0 0 0 0 0 0 0 0 0 0 0 0 0 0 0 0 0 0 0 0 0 0 0 0 0 0 0 0 0 0 0 0 0 0 0 0 0 0 0 0 0 0 0 0 0 0 0 0 0 0 0 0 0 0 0 0 0 0 0 0 0 0 0 0 0 0 0 0 0 0 0 0 0 0 0 0 0 0 0 0 0 21 5 63 2 80 88 87 64 79 78 78 101 96 58 67 56 53 26 66 67 45 63 96 14 38 10 67 65 42 49 74 95 83 27 99 21 18 98 45 43 76 98 31 48 39 74 88 71 54 42
0 0 0 0 0 0 0 0 0 0 0 0 0 0 0 0 0 0 0 0 0 0 0 0 0 0 0 0 0 0 0 0 0 0 0 0 0 0 0 0 0 0 0 0 0 0 0 0 0 0 0 0 0 0 0 0 0 0 0 0 0 0 0 0 0 0 0 0 0 0 0 0 0 0 0 0 0 0 0 0 0 0 0 0 0 0 0 0 0 0 0 0 0 0 0 0 0 0 0 0 0 0 0 0 0 0 0 0 0 0 0 0 0 0 0 0 0 0 0 0 0 0 0 0 0 0 0 0 0 0 0 0 0 0 0 0 0 0 0 0 0 0 0 0 0 0 0 0 0 0 0 14 30 26 49 9 21 29 58 13 72 7 50 69 31 81 69 81 39 53 12 37 57 77 45 48 22 14 36 54 101 9 101 58 46 66 82 80 20 42 49 5 75 14 75 45 44 90 84 22
0 0 0 0 0 0 0 0 0 0 0 0 0 0 0 0 0 0 0 0 0 0 0 0 0 0 0 0 0 0 0 0 0 0 0 0 0 0 0 0 0 0 0 0 0 0 0 0 0 0 0 0 0 0 0 0 0 0 0 0 0 0 0 0 0 0 0 0 0 0 0 0 0 0 0 0 0 0 0 0 0 0 0 0 0 0 0 0 0 0 0 0 0 0 0 0 0 0 0 0 0 0 0 0 0 0 0 0 0 0 0 0 0 0 0 0 0 0 0 0 0 0 0 0 0 0 0 0 0 0 0 0 0 0 0 0 0 0 0 0 0 0 0 0 0 0 0 0 0 0 0 0 100 49 81 86 100 17 43 94 11 91 8 73 31 40 82 88 53 92 85 18 55 67 14 36 80 10 58 3 95 86 39 85 74 16 45 4 97 19 13 90 24 14 55 92 72 39 27 96
0 0 0 0 0 0 0 0 0 0 0 0 0 0 0 0 0 0 0 0 0 0 0 0 0 0 0 0 0 0 0 0 0 0 0 0 0 0 0 0 0 0 0 0 0 0 0 0 0 0 0 0 0 0 0 0 0 0 0 0 0 0 0 0 0 0 0 0 0 0 0 0 0 0 0 0 0 0 0 0 0 0 0 0 0 0 0 0 0 0 0 0 0 0 0 0 0 0 0 0 0 0 0 0 0 0 0 0 0 0 0 0 0 0 0 0 0 0 0 0 0 0 0 0 0 0 0 0 0 0 0 0 0 0 0 0 0 0 0 0 0 0 0 0 0 0 0 0 0 0 0 0 0 55 70 56 62 96 69 99 26 62 16 78 46 9 33 66 42 70 52 13 23 45 40 86 67 5 38 56 68 42 2 100 12 56 20 20 78 26 100 93 15 76 2 84 34 6 53 61
0 0 0 0 0 0 0 0 0 0 0 0 0 0 0 0 0 0 0 0 0 0 0 0 0 0 0 0 0 0 0 0 0 0 0 0 0 0 0 0 0 0 0 0 0 0 0 0 0 0 0 0 0 0 0 0 0 0 0 0 0 0 0 0 0 0 0 0 0 0 0 0 0 0 0 0 0 0 0 0 0 0 0 0 0 0 0 0 0 0 0 0 0 0 0 0 0 0 0 0 0 0 0 0 0 0 0 0 0 0 0 0 0 0 0 0 0 0 0 0 0 0 0 0 0 0 0 0 0 0 0 0 0 0 0 0 0 0 0 0 0 0 0 0 0 0 0 0 0 0 0 0 0 0 50 47 70 13 4 93 56 44 51 25 44 71 91 62 4 39 12 25 6 100 47 35 12 21 65 55 73 8 25 4 67 33 97 89 20 15 49 65 50 50 51 44 77 83 28 94
0 0 0 0 0 0 0 0 0 0 0 0 0 0 0 0 0 0 0 0 0 0 0 0 0 0 0 0 0 0 0 0 0 0 0 0 0 0 0 0 0 0 0 0 0 0 0 0 0 0 0 0 0 0 0 0 0 0 0 0 0 0 0 0 0 0 0 0 0 0 0 0 0 0 0 0 0 0 0 0 0 0 0 0 0 0 0 0 0 0 0 0 0 0 0 0 0 0 0 0 0 0 0 0 0 0 0 0 0 0 0 0 0 0 0 0 0 0 0 0 0 0 0 0 0 0 0 0 0 0 0 0 0 0 0 0 0 0 0 0 0 0 0 0 0 0 0 0 0 0 0 0 0 0 0 17 46 56 11 94 77 13 30 10 16 49 74 88 29 13 16 3 73 31 67 63 83 19 7 21 56 72 41 4 52 43 16 94 25 19 86 44 48 17 66 34 59 22 61 28
0 0 0 0 0 0 0 0 0 0 0 0 0 0 0 0 0 0 0 0 0 0 0 0 0 0 0 0 0 0 0 0 0 0 0 0 0 0 0 0 0 0 0 0 0 0 0 0 0 0 0 0 0 0 0 0 0 0 0 0 0 0 0 0 0 0 0 0 0 0 0 0 0 0 0 0 0 0 0 0 0 0 0 0 0 0 0 0 0 0 0 0 0 0 0 0 0 0 0 0 0 0 0 0 0 0 0 0 0 0 0 0 0 0 0 0 0 0 0 0 0 0 0 0 0 0 0 0 0 0 0 0 0 0 0 0 0 0 0 0 0 0 0 0 0 0 0 0 0 0 0 0 0 0 0 0 32 51 34 41 18 39 34 76 87 10 4 69 15 33 15 76 18 92 42 40 37 95 23 47 57 16 97 30 37 32 97 11 15 55 47 60 68 11 40 100 61 72 91 61
0 0 0 0 0 0 0 0 0 0 0 0 0 0 0 0 0 0 0 0 0 0 0 0 0 0 0 0 0 0 0 0 0 0 0 0 0 0 0 0 0 0 0 0 0 0 0 0 0 0 0 0 0 0 0 0 0 0 0 0 0 0 0 0 0 0 0 0 0 0 0 0 0 0 0 0 0 0 0 0 0 0 0 0 0 0 0 0 0 0 0 0 0 0 0 0 0 0 0 0 0 0 0 0 0 0 0 0 0 0 0 0 0 0 0 0 0 0 0 0 0 0 0 0 0 0 0 0 0 0 0 0 0 0 0 0 0 0 0 0 0 0 0 0 0 0 0 0 0 0 0 0 0 0 0 0 0 7 28 96 25 6 32 5 65 94 66 37 46 51 78 65 60 28 36 74 18 24 81 95 72 75 100 12 59 74 10 45 38 28 83 13 9 87 75 28 26 27 67 100
0 0 0 0 0 0 0 0 0 0 0 0 0 0 0 0 0 0 0 0 0 0 0 0 0 0 0 0 0 0 0 0 0 0 0 0 0 0 0 0 0 0 0 0 0 0 0 0 0 0 0 0 0 0 0 0 0 0 0 0 0 0 0 0 0 0 0 0 0 0 0 0 0 0 0 0 0 0 0 0 0 0 0 0 0 0 0 0 0 0 0 0 0 0 0 0 0 0 0 0 0 0 0 0 0 0 0 0 0 0 0 0 0 0 0 0 0 0 0 0 0 0 0 0 0 0 0 0 0 0 0 0 0 0 0 0 0 0 0 0 0 0 0 0 0 0 0 0 0 0 0 0 0 0 0 0 0 0 43 95 23 67 17 83 4 59 62 30 75 13 5 97 21 59 28 59 35 19 33 63 57 99 32 36 87 43 95 6 98 66 79 29 94 46 70 20 59 62 101 48
0 0 0 0 0 0 0 0 0 0 0 0 0 0 0 0 0 0 0 0 0 0 0 0 0 0 0 0 0 0 0 0 0 0 0 0 0 0 0 0 0 0 0 0 0 0 0 0 0 0 0 0 0 0 0 0 0 0 0 0 0 0 0 0 0 0 0 0 0 0 0 0 0 0 0 0 0 0 0 0 0 0 0 0 0 0 0 0 0 0 0 0 0 0 0 0 0 0 0 0 0 0 0 0 0 0 0 0 0 0 0 0 0 0 0 0 0 0 0 0 0 0 0 0 0 0 0 0 0 0 0 0 0 0 0 0 0 0 0 0 0 0 0 0 0 0 0 0 0 0 0 0 0 0 0 0 0 0 0 36 37 97 50 17 48 57 82 95 79 66 28 58 80 47 24 67 38 89 63 89 42 65 40 88 31 55 76 74 50 19 19 77 97 77 8 85 22 12 100 24
0 0 0 0 0 0 0 0 0 0 0 0 0 0 0 0 0 0 0 0 0 0 0 0 0 0 0 0 0 0 0 0 0 0 0 0 0 0 0 0 0 0 0 0 0 0 0 0 0 0 0 0 0 0 0 0 0 0 0 0 0 0 0 0 0 0 0 0 0 0 0 0 0 0 0 0 0 0 0 0 0 0 0 0 0 0 0 0 0 0 0 0 0 0 0 0 0 0 0 0 0 0 0 0 0 0 0 0 0 0 0 0 0 0 0 0 0 0 0 0 0 0 0 0 0 0 0 0 0 0 0 0 0 0 0 0 0 0 0 0 0 0 0 0 0 0 0 0 0 0 0 0 0 0 0 0 0 0 0 0 26 83 4 42 19 20 63 93 93 82 74 32 72 60 55 55 31 4 78 15 81 44 31 26 27 54 49 16 62 7 75 13 71 31 9 75 34 52 79 3
0 0 0 0 0 0 0 0 0 0 0 0 0 0 0 0 0 0 0 0 0 0 0 0 0 0 0 0 0 0 0 0 0 0 0 0 0 0 0 0 0 0 0 0 0 0 0 0 0 0 0 0 0 0 0 0 0 0 0 0 0 0 0 0 0 0 0 0 0 0 0 0 0 0 0 0 0 0 0 0 0 0 0 0 0 0 0 0 0 0 0 0 0 0 0 0 0 0 0 0 0 0 0 0 0 0 0 0 0 0 0 0 0 0 0 0 0 0 0 0 0 0 0 0 0 0 0 0 0 0 0 0 0 0 0 0 0 0 0 0 0 0 0 0 0 0 0 0 0 0 0 0 0 0 0 0 0 0 0 0 0 17 19 101 39 64 58 37 91 71 25 5 64 48 41 47 91 75 69 98 40 96 29 92 70 3 12 22 13 53 35 60 28 64 26 44 93 84 74 53
0 0 0 0 0 0 0 0 0 0 0 0 0 0 0 0 0 0 0 0 0 0 0 0 0 0 0 0 0 0 0 0 0 0 0 0 0 0 0 0 0 0 0 0 0 0 0 0 0 0 0 0 0 0 0 0 0 0 0 0 0 0 0 0 0 0 0 0 0 0 0 0 0 0 0 0 0 0 0 0 0 0 0 0 0 0 0 0 0 0 0 0 0 0 0 0 0 0 0 0 0 0 0 0 0 0 0 0 0 0 0 0 0 0 0 0 0 0 0 0 0 0 0 0 0 0 0 0 0 0 0 0 0 0 0 0 0 0 0 0 0 0 0 0 0 0 0 0 0 0 0 0 0 0 0 0 0 0 0 0 0 0 7 86 36 9 66 14 5 41 76 59 92 59 45 66 77 97 33 7 42 56 84 30 47 24 87 88 90 96 96 84 56 82 20 73 89 39 41 54
0 0 0 0 0 0 0 0 0 0 0 0 0 0 0 0 0 0 0 0 0 0 0 0 0 0 0 0 0 0 0 0 0 0 0 0 0 0 0 0 0 0 0 0 0 0 0 0 0 0 0 0 0 0 0 0 0 0 0 0 0 0 0 0 0 0 0 0 0 0 0 0 0 0 0 0 0 0 0 0 0 0 0 0 0 0 0 0 0 0 0 0 0 0 0 0 0 0 0 0 0 0 0 0 0 0 0 0 0 0 0 0 0 0 0 0 0 0 0 0 0 0 0 0 0 0 0 0 0 0 0 0 0 0 0 0 0 0 0 0 0 0 0 0 0 0 0 0 0 0 0 0 0 0 0 0 0 0 0 0 0 0 0 88 88 88 92 42 40 94 6 23 47 78 50 46 22 92 91 61 67 91 5 12 62 86 72 22 91 57 2 71 26 5 23 93 101 13 42 31
0 0 0 0 0 0 0 0 0 0 0 0 0 0 0 0 0 0 0 0 0 0 0 0 0 0 0 0 0 0 0 0 0 0 0 0 0 0 0 0 0 0 0 0 0 0 0 0 0 0 0 0 0 0 0 0 0 0 0 0 0 0 0 0 0 0 0 0 0 0 0 0 0 0 0 0 0 0 0 0 0 0 0 0 0 0 0 0 0 0 0 0 0 0 0 0 0 0 0 0 0 0 0 0 0 0 0 0 0 0 0 0 0 0 0 0 0 0 0 0 0 0 0 0 0 0 0 0 0 0 0 0 0 0 0 0 0 0 0 0 0 0 0 0 0 0 0 0 0 0 0 0 0 0 0 0 0 0 0 0 0 0 0 0 12 3 13 85 65 34 54 33 80 63 81 94 71 23 74 82 19 16 27 41 82 66 48 68 57 63 4 47 59 48 13 21 77 64 101 19
0 0 0 0 0 0 0 0 0 0 0 0 0 0 0 0 0 0 0 0 0 0 0 0 0 0 0 0 0 0 0 0 0 0 0 0 0 0 0 0 0 0 0 0 0 0 0 0 0 0 0 0 0 0 0 0 0 0 0 0 0 0 0 0 0 0 0 0 0 0 0 0 0 0 0 0 0 0 0 0 0 0 0 0 0 0 0 0 0 0 0 0 0 0 0 0 0 0 0 0 0 0 0 0 0 0 0 0 0 0 0 0 0 0 0 0 0 0 0 0 0 0 0 0 0 0 0 0 0 0 0 0 0 0 0 0 0 0 0 0 0 0 0 0 0 0 0 0 0 0 0 0 0 0 0 0 0 0 0 0 0 0 0 0 0 97 50 58 96 10 62 82 98 84 81 41 33 37 84 23 68 22 36 25 10 44 65 82 29 75 18 41 34 68 55 64 26 47 73 41
0 0 0 0 0 0 0 0 0 0 0 0 0 0 0 0 0 0 0 0 0 0 0 0 0 0 0 0 0 0 0 0 0 0 0 0 0 0 0 0 0 0 0 0 0 0 0 0 0 0 0 0 0 0 0 0 0 0 0 0 0 0 0 0 0 0 0 0 0 0 0 0 0 0 0 0 0 0 0 0 0 0 0 0 0 0 0 0 0 0 0 0 0 0 0 0 0 0 0 0 0 0 0 0 0 0 0 0 0 0 0 0 0 0 0 0 0 0 0 0 0 0 0 0 0 0 0 0 0 0 0 0 0 0 0 0 0 0 0 0 0 0 0 0 0 0 0 0 0 0 0 0 0 0 0 0 0 0 0 0 0 0 0 0 0 0 27 12 78 68 17 94 59 32 66 16 43 42 21 2 45 100 39 14 22 57 92 47 75 101 33 42 86 9 31 9 53 57 83 67
0 0 0 0 0 0 0 0 0 0 0 0 0 0 0 0 0 0 0 0 0 0 0 0 0 0 0 0 0 0 0 0 0 0 0 0 0 0 0 0 0 0 0 0 0 0 0 0 0 0 0 0 0 0 0 0 0 0 0 0 0 0 0 0 0 0 0 0 0 0 0 0 0 0 0 0 0 0 0 0 0 0 0 0 0 0 0 0 0 0 0 0 0 0 0 0 0 0 0 0 0 0 0 0 0 0 0 0 0 0 0 0 0 0 0 0 0 0 0 0 0 0 0 0 0 0 0 0 0 0 0 0 0 0 0 0 0 0 0 0 0 0 0 0 0 0 0 0 0 0 0 0 0 0 0 0 0 0 0 0 0 0 0 0 0 0 0 25 56 37 35 46 91 4 71 45 80 74 97 83 97 46 11 11 86 39 49 9 47 81 80 75 9 23 79 65 98 41 62 33
0 0 0 0 0 0 0 0 0 0 0 0 0 0 0 0 0 0 0 0 0 0 0 0 0 0 0 0 0 0 0 0 0 0 0 0 0 0 0 0 0 0 0 0 0 0 0 0 0 0 0 0 0 0 0 0 0 0 0 0 0 0 0 0 0 0 0 0 0 0 0 0 0 0 0 0 0 0 0 0 0 0 0 0 0 0 0 0 0 0 0 0 0 0 0 0 0 0 0 0 0 0 0 0 0 0 0 0 0 0 0 0 0 0 0 0 0 0 0 0 0 0 0 0 0 0 0 0 0 0 0 0 0 0 0 0 0 0 0 0 0 0 0 0 0 0 0 0 0 0 0 0 0 0 0 0 0 0 0 0 0 0 0 0 0 0 0 0 43 43 5 64 35 58 79 44 11 56 33 83 88 99 92 6 75 32 61 14 82 56 55 61 77 96 4 87 75 12 15 56
0 0 0 0 0 0 0 0 0 0 0 0 0 0 0 0 0 0 0 0 0 0 0 0 0 0 0 0 0 0 0 0 0 0 0 0 0 0 0 0 0 0 0 0 0 0 0 0 0 0 0 0 0 0 0 0 0 0 0 0 0 0 0 0 0 0 0 0 0 0 0 0 0 0 0 0 0 0 0 0 0 0 0 0 0 0 0 0 0 0 0 0 0 0 0 0 0 0 0 0 0 0 0 0 0 0 0 0 0 0 0 0 0 0 0 0 0 0 0 0 0 0 0 0 0 0 0 0 0 0 0 0 0 0 0 0 0 0 0 0 0 0 0 0 0 0 0 0 0 0 0 0 0 0 0 0 0 0 0 0 0 0 0 0 0 0 0 0 0 42 23 16 55 80 101 58 24 69 53 48 84 30 48 10 84 12 5 17 96 21 88 42 81 52 39 56 55 48 98 40
0 0 0 0 0 0 0 0 0 0 0 0 0 0 0 0 0 0 0 0 0 0 0 0 0 0 0 0 0 0 0 0 0 0 0 0 0 0 0 0 0 0 0 0 0 0 0 0 0 0 0 0 0 0 0 0 0 0 0 0 0 0 0 0 0 0 0 0 0 0 0 0 0 0 0 0 0 0 0 0 0 0 0 0 0 0 0 0 0 0 0 0 0 0 0 0 0 0 0 0 0 0 0 0 0 0 0 0 0 0 0 0 0 0 0 0 0 0 0 0 0 0 0 0 0 0 0 0 0 0 0 0 0 0 0 0 0 0 0 0 0 0 0 0 0 0 0 0 0 0 0 0 0 0 0 0 0 0 0 0 0 0 0 0 0 0 0 0 0 0 30 20 92 32 68 47 28 99 85 46 73 9 66 43 34 43 3 25 81 86 21 58 95 89 39 84 12 53 46 93
0 0 0 0 0 0 0 0 0 0 0 0 0 0 0 0 0 0 0 0 0 0 0 0 0 0 0 0 0 0 0 0 0 0 0 0 0 0 0 0 0 0 0 0 0 0 0 0 0 0 0 0 0 0 0 0 0 0 0 0 0 0 0 0 0 0 0 0 0 0 0 0 0 0 0 0 0 0 0 0 0 0 0 0 0 0 0 0 0 0 0 0 0 0 0 0 0 0 0 0 0 0 0 0 0 0 0 0 0 0 0 0 0 0 0 0 0 0 0 0 0 0 0 0 0 0 0 0 0 0 0 0 0 0 0 0 0 0 0 0 0 0 0 0 0 0 0 0 0 0 0 0 0 0 0 0 0 0 0 0 0 0 0 0 0 0 0 0 0 0 0 40 94 58 42 12 70 93 49 78 4 25 34 3 41 85 15 74 82 32 77 31 82 45 88 2 35 12 72 76
0 0 0 0 0 0 0 0 0 0 0 0 0 0 0 0 0 0 0 0 0 0 0 0 0 0 0 0 0 0 0 0 0 0 0 0 0 0 0 0 0 0 0 0 0 0 0 0 0 0 0 0 0 0 0 0 0 0 0 0 0 0 0 0 0 0 0 0 0 0 0 0 0 0 0 0 0 0 0 0 0 0 0 0 0 0 0 0 0 0 0 0 0 0 0 0 0 0 0 0 0 0 0 0 0 0 0 0 0 0 0 0 0 0 0 0 0 0 0 0 0 0 0 0 0 0 0 0 0 0 0 0 0 0 0 0 0 0 0 0 0 0 0 0 0 0 0 0 0 0 0 0 0 0 0 0 0 0 0 0 0 0 0 0 0 0 0 0 0 0 0 0 40 10 8 70 83 57 72 30 32 87 74 51 8 44 21 45 17 58 24 88 76 82 38 52 91 60 5 75
0 0 0 0 0 0 0 0 0 0 0 0 0 0 0 0 0 0 0 0 0 0 0 0 0 0 0 0 0 0 0 0 0 0 0 0 0 0 0 0 0 0 0 0 0 0 0 0 0 0 0 0 0 0 0 0 0 0 0 0 0 0 0 0 0 0 0 0 0 0 0 0 0 0 0 0 0 0 0 0 0 0 0 0 0 0 0 0 0 0 0 0 0 0 0 0 0 0 0 0 0 0 0 0 0 0 0 0 0 0 0 0 0 0 0 0 0 0 0 0 0 0 0 0 0 0 0 0 0 0 0 0 0 0 0 0 0 0 0 0 0 0 0 0 0 0 0 0 0 0 0 0 0 0 0 0 0 0 0 0 0 0 0 0 0 0 0 0 0 0 0 0 0 53 2 22 86 86 55 93 100 81 5 89 71 7 92 8 77 26 60 68 14 89 79 8 66 99 61 58
0 0 0 0 0 0 0 0 0 0 0 0 0 0 0 0 0 0 0 0 0 0 0 0 0 0 0 0 0 0 0 0 0 0 0 0 0 0 0 0 0 0 0 0 0 0 0 0 0 0 0 0 0 0 0 0 0 0 0 0 0 0 0 0 0 0 0 0 0 0 0 0 0 0 0 0 0 0 0 0 0 0 0 0 0 0 0 0 0 0 0 0 0 0 0 0 0 0 0 0 0 0 0 0 0 0 0 0 0 0 0 0 0 0 0 0 0 0 0 0 0 0 0 0 0 0 0 0 0 0 0 0 0 0 0 0 0 0 0 0 0 0 0 0 0 0 0 0 0 0 0 0 0 0 0 0 0 0 0 0 0 0 0 0 0 0 0 0 0 0 0 0 0 0 57 91 23 5 15 82 42 21 47 79 92 36 23 80 37 43 59 57 27 87 86 67 90 69 7 70
0 0 0 0 0 0 0 0 0 0 0 0 0 0 0 0 0 0 0 0 0 0 0 0 0 0 0 0 0 0 0 0 0 0 0 0 0 0 0 0 0 0 0 0 0 0 0 0 0 0 0 0 0 0 0 0 0 0 0 0 0 0 0 0 0 0 0 0 0 0 0 0 0 0 0 0 0 0 0 0 0 0 0 0 0 0 0 0 0 0 0 0 0 0 0 0 0 0 0 0 0 0 0 0 0 0 0 0 0 0 0 0 0 0 0 0 0 0 0 0 0 0 0 0 0 0 0 0 0 0 0 0 0 0 0 0 0 0 0 0 0 0 0 0 0 0 0 0 0 0 0 0 0 0 0 0 0 0 0 0 0 0 0 0 0 0 0 0 0 0 0 0 0 0 0 86 49 73 90 97 54 95 71 48 91 33 78 92 74 59 35 78 21 35 62 22 18 21 9 100
0 0 0 0 0 0 0 0 0 0 0 0 0 0 0 0 0 0 0 0 0 0 0 0 0 0 0 0 0 0 0 0 0 0 0 0 0 0 0 0 0 0 0 0 0 0 0 0 0 0 0 0 0 0 0 0 0 0 0 0 0 0 0 0 0 0 0 0 0 0 0 0 0 0 0 0 0 0 0 0 0 0 0 0 0 0 0 0 0 0 0 0 0 0 0 0 0 0 0 0 0 0 0 0 0 0 0 0 0 0 0 0 0 0 0 0 0 0 0 0 0 0 0 0 0 0 0 0 0 0 0 0 0 0 0 0 0 0 0 0 0 0 0 0 0 0 0 0 0 0 0 0 0 0 0 0 0 0 0 0 0 0 0 0 0 0 0 0 0 0 0 0 0 0 0 0 100 30 18 17 13 97 18 80 9 52 30 80 48 93 94 15 34 99 82 49 63 34 82 18
0 0 0 0 0 0 0 0 0 0 0 0 0 0 0 0 0 0 0 0 0 0 0 0 0 0 0 0 0 0 0 0 0 0 0 0 0 0 0 0 0 0 0 0 0 0 0 0 0 0 0 0 0 0 0 0 0 0 0 0 0 0 0 0 0 0 0 0 0 0 0 0 0 0 0 0 0 0 0 0 0 0 0 0 0 0 0 0 0 0 0 0 0 0 0 0 0 0 0 0 0 0 0 0 0 0 0 0 0 0 0 0 0 0 0 0 0 0 0 0 0 0 0 0 0 0 0 0 0 0 0 0 0 0 0 0 0 0 0 0 0 0 0 0 0 0 0 0 0 0 0 0 0 0 0 0 0 0 0 0 0 0 0 0 0 0 0 0 0 0 0 0 0 0 0 0 0 63 24 94 6 7 73 84 27 91 8 38 96 38 89 5 60 4 35 78 12 73 29 68
0 0 0 0 0 0 0 0 0 0 0 0 0 0 0 0 0 0 0 0 0 0 0 0 0 0 0 0 0 0 0 0 0 0 0 0 0 0 0 0 0 0 0 0 0 0 0 0 0 0 0 0 0 0 0 0 0 0 0 0 0 0 0 0 0 0 0 0 0 0 0 0 0 0 0 0 0 0 0 0 0 0 0 0 0 0 0 0 0 0 0 0 0 0 0 0 0 0 0 0 0 0 0 0 0 0 0 0 0 0 0 0 0 0 0 0 0 0 0 0 0 0 0 0 0 0 0 0 0 0 0 0 0 0 0 0 0 0 0 0 0 0 0 0 0 0 0 0 0 0 0 0 0 0 0 0 0 0 0 0 0 0 0 0 0 0 0 0 0 0 0 0 0 0 0 0 0 0 40 51 4 5 39 9 52 70 30 3 7 55 29 91 23 76 99 36 17 40 76 15
0 0 0 0 0 0 0 0 0 0 0 0 0 0 0 0 0 0 0 0 0 0 0 0 0 0 0 0 0 0 0 0 0 0 0 0 0 0 0 0 0 0 0 0 0 0 0 0 0 0 0 0 0 0 0 0 0 0 0 0 0 0 0 0 0 0 0 0 0 0 0 0 0 0 0 0 0 0 0 0 0 0 0 0 0 0 0 0 0 0 0 0 0 0 0 0 0 0 0 0 0 0 0 0 0 0 0 0 0 0 0 0 0 0 0 0 0 0 0 0 0 0 0 0 0 0 0 0 0 0 0 0 0 0 0 0 0 0 0 0 0 0 0 0 0 0 0 0 0 0 0 0 0 0 0 0 0 0 0 0 0 0 0 0 0 0 0 0 0 0 0 0 0 0 0 0 0 0 0 35 15 28 98 80 81 101 92 57 14 26 56 41 75 96 74 83 71 73 19 2
0 0 0 0 0 0 0 0 0 0 0 0 0 0 0 0 0 0 0 0 0 0 0 0 0 0 0 0 0 0 0 0 0 0 0 0 0 0 0 0 0 0 0 0 0 0 0 0 0 0 0 0 0 0 0 0 0 0 0 0 0 0 0 0 0 0 0 0 0 0 0 0 0 0 0 0 0 0 0 0 0 0 0 0 0 0 0 0 0 0 0 0 0 0 0 0 0 0 0 0 0 0 0 0 0 0 0 0 0 0 0 0 0 0 0 0 0 0 0 0 0 0 0 0 0 0 0 0 0 0 0 0 0 0 0 0 0 0 0 0 0 0 0 0 0 0 0 0 0 0 0 0 0 0 0 0 0 0 0 0 0 0 0 0 0 0 0 0 0 0 0 0 0 0 0 0 0 0 0 0 13 42 19 25 32 64 6 54 2 95 36 27 24 25 35 18 53 42 42 54
0 0 0 0 0 0 0 0 0 0 0 0 0 0 0 0 0 0 0 0 0 0 0 0 0 0 0 0 0 0 0 0 0 0 0 0 0 0 0 0 0 0 0 0 0 0 0 0 0 0 0 0 0 0 0 0 0 0 0 0 0 0 0 0 0 0 0 0 0 0 0 0 0 0 0 0 0 0 0 0 0 0 0 0 0 0 0 0 0 0 0 0 0 0 0 0 0 0 0 0 0 0 0 0 0 0 0 0 0 0 0 0 0 0 0 0 0 0 0 0 0 0 0 0 0 0 0 0 0 0 0 0 0 0 0 0 0 0 0 0 0 0 0 0 0 0 0 0 0 0 0 0 0 0 0 0 0 0 0 0 0 0 0 0 0 0 0 0 0 0 0 0 0 0 0 0 0 0 0 0 0 12 6 31 8 24 41 33 58 53 70 20 36 38 60 56 81 4 62 30
0 0 0 0 0 0 0 0 0 0 0 0 0 0 0 0 0 0 0 0 0 0 0 0 0 0 0 0 0 0 0 0 0 0 0 0 0 0 0 0 0 0 0 0 0 0 0 0 0 0 0 0 0 0 0 0 0 0 0 0 0 0 0 0 0 0 0 0 0 0 0 0 0 0 0 0 0 0 0 0 0 0 0 0 0 0 0 0 0 0 0 0 0 0 0 0 0 0 0 0 0 0 0 0 0 0 0 0 0 0 0 0 0 0 0 0 0 0 0 0 0 0 0 0 0 0 0 0 0 0 0 0 0 0 0 0 0 0 0 0 0 0 0 0 0 0 0 0 0 0 0 0 0 0 0 0 0 0 0 0 0 0 0 0 0 0 0 0 0 0 0 0 0 0 0 0 0 0 0 0 0 0 86 82 85 82 15 17 11 32 72 61 79 14 91 24 75 30 62 57
0 0 0 0 0 0 0 0 0 0 0 0 0 0 0 0 0 0 0 0 0 0 0 0 0 0 0 0 0 0 0 0 0 0 0 0 0 0 0 0 0 0 0 0 0 0 0 0 0 0 0 0 0 0 0 0 0 0 0 0 0 0 0 0 0 0 0 0 0 0 0 0 0 0 0 0 0 0 0 0 0 0 0 0 0 0 0 0 0 0 0 0 0 0 0 0 0 0 0 0 0 0 0 0 0 0 0 0 0 0 0 0 0 0 0 0 0 0 0 0 0 0 0 0 0 0 0 0 0 0 0 0 0 0 0 0 0 0 0 0 0 0 0 0 0 0 0 0 0 0 0 0 0 0 0 0 0 0 0 0 0 0 0 0 0 0 0 0 0 0 0 0 0 0 0 0 0 0 0 0 0 0 0 26 89 7 26 82 15 35 74 49 33 54 98 14 69 69 38 50
0 0 0 0 0 0 0 0 0 0 0 0 0 0 0 0 0 0 0 0 0 0 0 0 0 0 0 0 0 0 0 0 0 0 0 0 0 0 0 0 0 0 0 0 0 0 0 0 0 0 0 0 0 0 0 0 0 0 0 0 0 0 0 0 0 0 0 0 0 0 0 0 0 0 0 0 0 0 0 0 0 0 0 0 0 0 0 0 0 0 0 0 0 0 0 0 0 0 0 0 0 0 0 0 0 0 0 0 0 0 0 0 0 0 0 0 0 0 0 0 0 0 0 0 0 0 0 0 0 0 0 0 0 0 0 0 0 0 0 0 0 0 0 0 0 0 0 0 0 0 0 0 0 0 0 0 0 0 0 0 0 0 0 0 0 0 0 0 0 0 0 0 0 0 0 0 0 0 0 0 0 0 0 0 21 56 32 23 35 59 90 91 96 44 90 84 76 97 52 24
0 0 0 0 0 0 0 0 0 0 0 0 0 0 0 0 0 0 0 0 0 0 0 0 0 0 0 0 0 0 0 0 0 0 0 0 0 0 0 0 0 0 0 0 0 0 0 0 0 0 0 0 0 0 0 0 0 0 0 0 0 0 0 0 0 0 0 0 0 0 0 0 0 0 0 0 0 0 0 0 0 0 0 0 0 0 0 0 0 0 0 0 0 0 0 0 0 0 0 0 0 0 0 0 0 0 0 0 0 0 0 0 0 0 0 0 0 0 0 0 0 0 0 0 0 0 0 0 0 0 0 0 0 0 0 0 0 0 0 0 0 0 0 0 0 0 0 0 0 0 0 0 0 0 0 0 0 0 0 0 0 0 0 0 0 0 0 0 0 0 0 0 0 0 0 0 0 0 0 0 0 0 0 0 0 16 38 35 45 100 73 7 87 96 80 19 92 50 53 71
0 0 0 0 0 0 0 0 0 0 0 0 0 0 0 0 0 0 0 0 0 0 0 0 0 0 0 0 0 0 0 0 0 0 0 0 0 0 0 0 0 0 0 0 0 0 0 0 0 0 0 0 0 0 0 0 0 0 0 0 0 0 0 0 0 0 0 0 0 0 0 0 0 0 0 0 0 0 0 0 0 0 0 0 0 0 0 0 0 0 0 0 0 0 0 0 0 0 0 0 0 0 0 0 0 0 0 0 0 0 0 0 0 0 0 0 0 0 0 0 0 0 0 0 0 0 0 0 0 0 0 0 0 0 0 0 0 0 0 0 0 0 0 0 0 0 0 0 0 0 0 0 0 0 0 0 0 0 0 0 0 0 0 0 0 0 0 0 0 0 0 0 0 0 0 0 0 0 0 0 0 0 0 0 0 0 19 77 98 46 46 75 29 36 97 48 70 83 69 63
0 0 0 0 0 0 0 0 0 0 0 0 0 0 0 0 0 0 0 0 0 0 0 0 0 0 0 0 0 0 0 0 0 0 0 0 0 0 0 0 0 0 0 0 0 0 0 0 0 0 0 0 0 0 0 0 0 0 0 0 0 0 0 0 0 0 0 0 0 0 0 0 0 0 0 0 0 0 0 0 0 0 0 0 0 0 0 0 0 0 0 0 0 0 0 0 0 0 0 0 0 0 0 0 0 0 0 0 0 0 0 0 0 0 0 0 0 0 0 0 0 0 0 0 0 0 0 0 0 0 0 0 0 0 0 0 0 0 0 0 0 0 0 0 0 0 0 0 0 0 0 0 0 0 0 0 0 0 0 0 0 0 0 0 0 0 0 0 0 0 0 0 0 0 0 0 0 0 0 0 0 0 0 0 0 0 0 80 36 27 48 13 56 20 79 85 22 86 35 26
0 0 0 0 0 0 0 0 0 0 0 0 0 0 0 0 0 0 0 0 0 0 0 0 0 0 0 0 0 0 0 0 0 0 0 0 0 0 0 0 0 0 0 0 0 0 0 0 0 0 0 0 0 0 0 0 0 0 0 0 0 0 0 0 0 0 0 0 0 0 0 0 0 0 0 0 0 0 0 0 0 0 0 0 0 0 0 0 0 0 0 0 0 0 0 0 0 0 0 0 0 0 0 0 0 0 0 0 0 0 0 0 0 0 0 0 0 0 0 0 0 0 0 0 0 0 0 0 0 0 0 0 0 0 0 0 0 0 0 0 0 0 0 0 0 0 0 0 0 0 0 0 0 0 0 0 0 0 0 0 0 0 0 0 0 0 0 0 0 0 0 0 0 0 0 0 0 0 0 0 0 0 0 0 0 0 0 0 48 9 82 42 9 69 27 70 83 34 77 11
0 0 0 0 0 0 0 0 0 0 0 0 0 0 0 0 0 0 0 0 0 0 0 0 0 0 0 0 0 0 0 0 0 0 0 0 0 0 0 0 0 0 0 0 0 0 0 0 0 0 0 0 0 0 0 0 0 0 0 0 0 0 0 0 0 0 0 0 0 0 0 0 0 0 0 0 0 0 0 0 0 0 0 0 0 0 0 0 0 0 0 0 0 0 0 0 0 0 0 0 0 0 0 0 0 0 0 0 0 0 0 0 0 0 0 0 0 0 0 0 0 0 0 0 0 0 0 0 0 0 0 0 0 0 0 0 0 0 0 0 0 0 0 0 0 0 0 0 0 0 0 0 0 0 0 0 0 0 0 0 0 0 0 0 0 0 0 0 0 0 0 0 0 0 0 0 0 0 0 0 0 0 0 0 0 0 0 0 0 34 17 6 34 32 46 29 63 55 43 7
0 0 0 0 0 0 0 0 0 0 0 0 0 0 0 0 0 0 0 0 0 0 0 0 0 0 0 0 0 0 0 0 0 0 0 0 0 0 0 0 0 0 0 0 0 0 0 0 0 0 0 0 0 0 0 0 0 0 0 0 0 0 0 0 0 0 0 0 0 0 0 0 0 0 0 0 0 0 0 0 0 0 0 0 0 0 0 0 0 0 0 0 0 0 0 0 0 0 0 0 0 0 0 0 0 0 0 0 0 0 0 0 0 0 0 0 0 0 0 0 0 0 0 0 0 0 0 0 0 0 0 0 0 0 0 0 0 0 0 0 0 0 0 0 0 0 0 0 0 0 0 0 0 0 0 0 0 0 0 0 0 0 0 0 0 0 0 0 0 0 0 0 0 0 0 0 0 0 0 0 0 0 0 0 0 0 0 0 0 0 81 38 28 75 13 77 21 68 30 52
0 0 0 0 0 0 0 0 0 0 0 0 0 0 0 0 0 0 0 0 0 0 0 0 0 0 0 0 0 0 0 0 0 0 0 0 0 0 0 0 0 0 0 0 0 0 0 0 0 0 0 0 0 0 0 0 0 0 0 0 0 0 0 0 0 0 0 0 0 0 0 0 0 0 0 0 0 0 0 0 0 0 0 0 0 0 0 0 0 0 0 0 0 0 0 0 0 0 0 0 0 0 0 0 0 0 0 0 0 0 0 0 0 0 0 0 0 0 0 0 0 0 0 0 0 0 0 0 0 0 0 0 0 0 0 0 0 0 0 0 0 0 0 0 0 0 0 0 0 0 0 0 0 0 0 0 0 0 0 0 0 0 0 0 0 0 0 0 0 0 0 0 0 0 0 0 0 0 0 0 0 0 0 0 0 0 0 0 0 0 0 98 82 77 75 72 35 62 50 42
0 0 0 0 0 0 0 0 0 0 0 0 0 0 0 0 0 0 0 0 0 0 0 0 0 0 0 0 0 0 0 0 0 0 0 0 0 0 0 0 0 0 0 0 0 0 0 0 0 0 0 0 0 0 0 0 0 0 0 0 0 0 0 0 0 0 0 0 0 0 0 0 0 0 0 0 0 0 0 0 0 0 0 0 0 0 0 0 0 0 0 0 0 0 0 0 0 0 0 0 0 0 0 0 0 0 0 0 0 0 0 0 0 0 0 0 0 0 0 0 0 0 0 0 0 0 0 0 0 0 0 0 0 0 0 0 0 0 0 0 0 0 0 0 0 0 0 0 0 0 0 0 0 0 0 0 0 0 0 0 0 0 0 0 0 0 0 0 0 0 0 0 0 0 0 0 0 0 0 0 0 0 0 0 0 0 0 0 0 0 0 0 93 47 65 55 29 21 100 43
0 0 0 0 0 0 0 0 0 0 0 0 0 0 0 0 0 0 0 0 0 0 0 0 0 0 0 0 0 0 0 0 0 0 0 0 0 0 0 0 0 0 0 0 0 0 0 0 0 0 0 0 0 0 0 0 0 0 0 0 0 0 0 0 0 0 0 0 0 0 0 0 0 0 0 0 0 0 0 0 0 0 0 0 0 0 0 0 0 0 0 0 0 0 0 0 0 0 0 0 0 0 0 0 0 0 0 0 0 0 0 0 0 0 0 0 0 0 0 0 0 0 0 0 0 0 0 0 0 0 0 0 0 0 0 0 0 0 0 0 0 0 0 0 0 0 0 0 0 0 0 0 0 0 0 0 0 0 0 0 0 0 0 0 0 0 0 0 0 0 0 0 0 0 0 0 0 0 0 0 0 0 0 0 0 0 0 0 0 0 0 0 0 71 63 64 49 23 87 50
0 0 0 0 0 0 0 0 0 0 0 0 0 0 0 0 0 0 0 0 0 0 0 0 0 0 0 0 0 0 0 0 0 0 0 0 0 0 0 0 0 0 0 0 0 0 0 0 0 0 0 0 0 0 0 0 0 0 0 0 0 0 0 0 0 0 0 0 0 0 0 0 0 0 0 0 0 0 0 0 0 0 0 0 0 0 0 0 0 0 0 0 0 0 0 0 0 0 0 0 0 0 0 0 0 0 0 0 0 0 0 0 0 0 0 0 0 0 0 0 0 0 0 0 0 0 0 0 0 0 0 0 0 0 0 0 0 0 0 0 0 0 0 0 0 0 0 0 0 0 0 0 0 0 0 0 0 0 0 0 0 0 0 0 0 0 0 0 0 0 0 0 0 0 0 0 0 0 0 0 0 0 0 0 0 0 0 0 0 0 0 0 0 0 99 45 65 82 87 47
0 0 0 0 0 0 0 0 0 0 0 0 0 0 0 0 0 0 0 0 0 0 0 0 0 0 0 0 0 0 0 0 0 0 0 0 0 0 0 0 0 0 0 0 0 0 0 0 0 0 0 0 0 0 0 0 0 0 0 0 0 0 0 0 0 0 0 0 0 0 0 0 0 0 0 0 0 0 0 0 0 0 0 0 0 0 0 0 0 0 0 0 0 0 0 0 0 0 0 0 0 0 0 0 0 0 0 0 0 0 0 0 0 0 0 0 0 0 0 0 0 0 0 0 0 0 0 0 0 0 0 0 0 0 0 0 0 0 0 0 0 0 0 0 0 0 0 0 0 0 0 0 0 0 0 0 0 0 0 0 0 0 0 0 0 0 0 0 0 0 0 0 0 0 0 0 0 0 0 0 0 0 0 0 0 0 0 0 0 0 0 0 0 0 0 12 61 69 36 81
0 0 0 0 0 0 0 0 0 0 0 0 0 0 0 0 0 0 0 0 0 0 0 0 0 0 0 0 0 0 0 0 0 0 0 0 0 0 0 0 0 0 0 0 0 0 0 0 0 0 0 0 0 0 0 0 0 0 0 0 0 0 0 0 0 0 0 0 0 0 0 0 0 0 0 0 0 0 0 0 0 0 0 0 0 0 0 0 0 0 0 0 0 0 0 0 0 0 0 0 0 0 0 0 0 0 0 0 0 0 0 0 0 0 0 0 0 0 0 0 0 0 0 0 0 0 0 0 0 0 0 0 0 0 0 0 0 0 0 0 0 0 0 0 0 0 0 0 0 0 0 0 0 0 0 0 0 0 0 0 0 0 0 0 0 0 0 0 0 0 0 0 0 0 0 0 0 0 0 0 0 0 0 0 0 0 0 0 0 0 0 0 0 0 0 0 13 3 56 81
0 0 0 0 0 0 0 0 0 0 0 0 0 0 0 0 0 0 0 0 0 0 0 0 0 0 0 0 0 0 0 0 0 0 0 0 0 0 0 0 0 0 0 0 0 0 0 0 0 0 0 0 0 0 0 0 0 0 0 0 0 0 0 0 0 0 0 0 0 0 0 0 0 0 0 0 0 0 0 0 0 0 0 0 0 0 0 0 0 0 0 0 0 0 0 0 0 0 0 0 0 0 0 0 0 0 0 0 0 0 0 0 0 0 0 0 0 0 0 0 0 0 0 0 0 0 0 0 0 0 0 0 0 0 0 0 0 0 0 0 0 0 0 0 0 0 0 0 0 0 0 0 0 0 0 0 0 0 0 0 0 0 0 0 0 0 0 0 0 0 0 0 0 0 0 0 0 0 0 0 0 0 0 0 0 0 0 0 0 0 0 0 0 0 0 0 0 40 43 78
0 0 0 0 0 0 0 0 0 0 0 0 0 0 0 0 0 0 0 0 0 0 0 0 0 0 0 0 0 0 0 0 0 0 0 0 0 0 0 0 0 0 0 0 0 0 0 0 0 0 0 0 0 0 0 0 0 0 0 0 0 0 0 0 0 0 0 0 0 0 0 0 0 0 0 0 0 0 0 0 0 0 0 0 0 0 0 0 0 0 0 0 0 0 0 0 0 0 0 0 0 0 0 0 0 0 0 0 0 0 0 0 0 0 0 0 0 0 0 0 0 0 0 0 0 0 0 0 0 0 0 0 0 0 0 0 0 0 0 0 0 0 0 0 0 0 0 0 0 0 0 0 0 0 0 0 0 0 0 0 0 0 0 0 0 0 0 0 0 0 0 0 0 0 0 0 0 0 0 0 0 0 0 0 0 0 0 0 0 0 0 0 0 0 0 0 0 0 73 60
0 0 0 0 0 0 0 0 0 0 0 0 0 0 0 0 0 0 0 0 0 0 0 0 0 0 0 0 0 0 0 0 0 0 0 0 0 0 0 0 0 0 0 0 0 0 0 0 0 0 0 0 0 0 0 0 0 0 0 0 0 0 0 0 0 0 0 0 0 0 0 0 0 0 0 0 0 0 0 0 0 0 0 0 0 0 0 0 0 0 0 0 0 0 0 0 0 0 0 0 0 0 0 0 0 0 0 0 0 0 0 0 0 0 0 0 0 0 0 0 0 0 0 0 0 0 0 0 0 0 0 0 0 0 0 0 0 0 0 0 0 0 0 0 0 0 0 0 0 0 0 0 0 0 0 0 0 0 0 0 0 0 0 0 0 0 0 0 0 0 0 0 0 0 0 0 0 0 0 0 0 0 0 0 0 0 0 0 0 0 0 0 0 0 0 0 0 0 0 90
0 0 0 0 0 0 0 0 0 0 0 0 0 0 0 0 0 0 0 0 0 0 0 0 0 0 0 0 0 0 0 0 0 0 0 0 0 0 0 0 0 0 0 0 0 0 0 0 0 0 0 0 0 0 0 0 0 0 0 0 0 0 0 0 0 0 0 0 0 0 0 0 0 0 0 0 0 0 0 0 0 0 0 0 0 0 0 0 0 0 0 0 0 0 0 0 0 0 0 0 0 0 0 0 0 0 0 0 0 0 0 0 0 0 0 0 0 0 0 0 0 0 0 0 0 0 0 0 0 0 0 0 0 0 0 0 0 0 0 0 0 0 0 0 0 0 0 0 0 0 0 0 0 0 0 0 0 0 0 0 0 0 0 0 0 0 0 0 0 0 0 0 0 0 0 0 0 0 0 0 0 0 0 0 0 0 0 0 0 0 0 0 0 0 0 0 0 0 0 0