0 44 41 39 48 23 5 88 92 22 60 81 70 8 43 41 72 52 55 68 19 88 23 59 96
0 0 0 0 0 0 0 13 28 34 51 52 92 7 38 12 76 20 5 18 38 45 74 69 28
0 0 0 0 0 0 0 84 76 31 32 36 28 2 79 67 97 25 14 7 79 10 42 66 4
0 0 0 0 0 0 0 39 79 72 78 28 10 42 5 11 56 15 55 16 16 50 2 31 92
0 0 0 0 0 0 25 27 35 13 22 92 37 33 50 7 59 95 36 43 3 89 14 43 18
0 0 0 0 0 0 67 81 83 91 99 26 66 20 45 100 66 29 38 29 19 53 6 96 79
0 0 0 0 0 0 0 63 101 81 73 100 22 101 19 7 55 66 63 76 53 78 99 40 88
0 0 0 0 0 0 0 0 12 3 32 18 69 63 13 34 91 83 98 41 42 53 88 42 73
0 0 0 0 0 0 0 0 0 58 78 19 27 65 57 70 57 51 65 12 74 7 25 14 96
0 0 0 0 0 0 0 0 0 0 72 96 101 5 89 75 11 37 35 17 31 57 68 82 72
0 0 0 0 0 0 0 0 0 0 0 43 17 33 44 4 54 75 19 44 93 89 50 31 39
0 0 0 0 0 0 0 0 0 0 0 0 41 27 30 27 66 16 32 50 2 72 99 23 11
0 0 0 0 0 0 0 0 0 0 0 0 0 82 13 33 75 90 91 64 66 28 100 42 59
0 0 0 0 0 0 0 0 0 0 0 0 0 0 69 78 45 29 33 87 29 39 64 22 55
0 0 0 0 0 0 0 0 0 0 0 0 0 0 0 36 57 49 92 49 10 46 38 6 60
0 0 0 0 0 0 0 0 0 0 0 0 0 0 0 0 29 4 53 40 101 70 98 95 28
0 0 0 0 0 0 0 0 0 0 0 0 0 0 0 0 0 47 79 27 8 29 14 88 31
0 0 0 0 0 0 0 0 0 0 0 0 0 0 0 0 0 0 51 19 95 40 10 73 39
0 0 0 0 0 0 0 0 0 0 0 0 0 0 0 0 0 0 0 20 60 86 98 77 34
0 0 0 0 0 0 0 0 0 0 0 0 0 0 0 0 0 0 0 0 12 12 79 6 64
0 0 0 0 0 0 0 0 0 0 0 0 0 0 0 0 0 0 0 0 0 7 93 63 43
0 0 0 0 0 0 0 0 0 0 0 0 0 0 0 0 0 0 0 0 0 0 44 34 48
0 0 0 0 0 0 0 0 0 0 0 0 0 0 0 0 0 0 0 0 0 0 0 90 76
0 0 0 0 0 0 0 0 0 0 0 0 0 0 0 0 0 0 0 0 0 0 0 0 26
0 0 0 0 0 0 0 0 0 0 0 0 0 0 0 0 0 0 0 0 0 0 0 0 0