0 68 35 46 61 27 6 32 93 49 53 86 94 7 51 24 5 39 94 65 49 32 43 20 3 83 28 100 14 85 72 55 16 88 88 17 83 58 67 35 36 76 7 96 97 100 36 32 66 54 99 12 6 39 34 30 61 42 64 96 65 62 76 6 16 38 61 3 58 89 62 30 57 54 93 68 99 28 86 38 16 53 42 36 12 49 24 21 29 80 7 65 81 12 69 98 84 35 96 22
0 0 0 0 0 0 0 21 16 94 55 11 56 88 32 3 51 79 88 26 72 43 4 74 25 93 89 34 80 84 98 78 96 81 99 36 44 40 40 18 19 43 35 55 52 8 48 77 68 13 95 24 52 3 73 82 59 94 62 77 89 70 3 94 59 73 93 33 22 49 9 24 39 5 21 97 54 27 81 33 46 85 86 62 71 12 94 28 44 98 95 90 46 31 37 28 21 2 26 38
0 0 0 0 0 0 0 27 18 55 16 10 6 81 3 50 61 40 21 101 14 70 52 101 3 61 46 64 76 74 10 23 48 11 8 87 19 90 24 98 16 47 96 45 56 55 31 43 68 85 21 51 23 81 42 87 53 39 65 85 60 31 41 32 31 101 62 98 45 16 43 78 5 50 4 25 25 94 24 49 50 85 76 85 3 17 62 92 50 46 59 4 8 84 3 94 40 63 77 2
0 0 0 0 0 0 0 77 62 29 9 92 31 42 9 50 19 82 69 95 23 32 34 83 63 73 86 87 37 34 94 32 16 60 6 35 69 48 47 30 52 75 33 101 18 31 20 50 27 50 36 61 16 43 21 36 36 88 22 59 55 19 34 40 4 36 72 40 29 39 75 88 40 66 77 67 55 10 82 93 74 86 59 10 68 51 70 54 79 45 11 84 55 97 65 25 4 5 58 61
0 0 0 0 0 0 71 76 47 11 24 45 26 74 12 27 80 40 43 16 84 18 3 101 51 4 42 82 9 66 17 32 45 2 18 50 57 16 8 13 44 90 64 4 26 55 65 71 29 61 96 90 48 94 84 75 6 60 9 22 66 60 33 88 16 59 86 72 27 33 77 36 73 87 57 3 63 46 10 59 60 39 87 77 65 83 67 60 50 82 80 85 23 5 57 86 46 42 86 27
0 0 0 0 0 0 13 74 7 20 97 78 4 56 38 71 91 65 11 10 62 9 33 55 18 60 2 44 36 30 92 24 83 18 42 6 57 88 58 83 41 82 21 57 65 99 18 28 31 71 27 45 35 85 72 6 96 82 52 91 57 53 47 15 15 71 35 29 94 63 65 99 7 94 75 59 96 43 76 58 2 21 22 94 38 96 3 22 73 33 13 20 78 24 55 52 69 35 91 69
0 0 0 0 0 0 0 17 40 59 64 32 72 12 101 43 11 64 80 12 25 57 2 42 24 4 88 35 89 88 22 4 8 26 44 50 19 19 90 7 100 84 47 62 16 69 51 96 8 42 40 67 60 79 38 40 39 50 54 35 6 24 8 21 84 84 5 61 53 72 39 78 52 5 37 18 64 57 35 67 93 8 52 30 98 75 98 33 10 86 13 77 58 41 23 77 3 22 77 89
0 0 0 0 0 0 0 0 77 98 41 28 13 56 53 48 74 17 84 72 80 52 68 76 63 21 16 38 53 35 98 17 38 65 47 22 5 61 77 23 54 34 47 22 22 83 76 45 100 58 61 34 46 30 40 59 70 74 5 98 60 37 40 19 21 99 8 17 80 15 63 88 66 28 36 28 78 14 9 35 15 30 5 58 47 99 82 90 62 71 87 79 56 49 93 59 72 71 2 43
0 0 0 0 0 0 0 0 0 81 53 86 44 16 77 43 29 24 69 36 22 74 49 50 87 19 41 66 36 29 57 66 90 27 24 57 57 95 21 57 72 44 62 78 88 41 69 23 4 45 32 77 72 66 31 28 76 99 59 28 65 34 20 97 40 73 18 33 56 61 33 55 80 9 100 35 38 60 75 75 56 21 80 97 53 87 31 29 73 47 10 68 9 57 76 82 4 68 44 100
0 0 0 0 0 0 0 0 0 0 22 86 71 60 25 29 8 15 4 22 94 52 83 60 13 9 76 8 19 65 49 98 84 57 11 27 51 35 31 75 67 21 69 98 43 58 53 59 18 47 31 32 99 33 24 53 38 73 98 87 22 96 48 91 17 80 84 100 57 77 85 44 11 14 44 49 76 76 29 43 2 56 33 50 32 40 94 16 60 48 22 83 42 11 83 75 77 74 66 82
0 0 0 0 0 0 0 0 0 0 0 16 100 79 75 7 73 78 65 63 27 8 72 56 85 5 49 21 23 32 61 98 86 86 83 34 23 23 79 36 49 35 28 44 88 93 72 64 77 44 35 40 58 74 94 54 74 32 72 64 57 64 61 100 35 78 25 36 3 79 93 52 73 62 30 60 8 14 25 29 24 91 84 32 69 71 69 39 35 75 82 51 34 43 47 71 43 67 84 56
0 0 0 0 0 0 0 0 0 0 0 0 93 70 52 2 49 31 20 47 58 14 29 64 86 42 62 46 19 3 57 27 3 2 95 101 16 34 38 71 53 72 63 22 66 47 85 52 48 67 33 77 35 101 90 72 92 53 72 71 9 28 97 99 63 72 3 67 100 82 86 85 49 35 85 26 94 14 86 98 66 26 92 86 42 83 42 97 41 14 33 68 61 16 59 54 86 31 76 13
0 0 0 0 0 0 0 0 0 0 0 0 0 95 45 71 26 57 87 56 40 51 93 90 93 15 37 18 100 57 13 55 69 64 101 86 13 21 15 82 49 18 63 93 57 11 85 77 28 36 44 17 25 83 29 3 59 34 16 11 44 90 3 47 58 37 90 41 54 28 79 10 68 100 67 73 69 92 4 31 56 81 81 36 5 8 39 55 45 30 6 26 8 13 56 100 64 25 27 82
0 0 0 0 0 0 0 0 0 0 0 0 0 0 48 60 36 4 53 44 62 73 27 65 12 5 91 82 42 62 9 78 17 78 28 83 32 46 2 2 41 60 50 77 18 25 74 84 54 51 58 4 23 29 54 66 12 16 81 81 78 62 7 42 41 83 55 93 2 37 89 83 13 13 51 32 9 32 74 73 67 93 87 57 76 88 37 16 88 27 43 49 55 7 19 86 62 11 88 51
0 0 0 0 0 0 0 0 0 0 0 0 0 0 0 3 15 79 46 38 19 36 88 101 64 25 3 26 8 84 37 53 23 79 39 88 90 62 42 46 64 37 31 57 85 21 2 85 51 12 95 49 53 35 3 27 24 51 40 10 10 67 34 84 39 34 63 99 25 97 56 48 96 68 29 56 19 51 65 98 83 93 91 84 6 32 89 88 52 14 100 50 31 77 69 16 78 29 41 46
0 0 0 0 0 0 0 0 0 0 0 0 0 0 0 0 16 100 77 40 49 87 43 75 60 13 6 28 70 92 93 99 31 2 84 92 3 33 84 64 59 50 86 11 75 59 44 88 5 76 93 85 86 82 27 49 30 66 42 50 91 46 9 68 24 26 4 93 55 99 50 27 62 77 45 19 16 11 79 54 19 41 10 71 5 45 63 73 72 18 18 36 7 4 70 44 82 40 46 60
0 0 0 0 0 0 0 0 0 0 0 0 0 0 0 0 0 72 99 45 39 87 99 31 59 71 9 95 50 51 93 40 45 92 90 65 4 40 80 56 57 28 68 77 88 77 98 96 10 72 79 27 68 36 50 62 5 9 39 20 39 88 43 39 37 27 48 28 55 41 76 16 26 46 74 8 28 29 101 61 11 2 58 86 72 64 97 55 97 86 73 34 73 26 21 47 60 92 29 7
0 0 0 0 0 0 0 0 0 0 0 0 0 0 0 0 0 0 15 18 55 101 97 18 95 43 50 81 36 84 35 45 70 73 53 96 41 78 97 14 77 37 70 91 79 40 10 10 85 54 71 94 81 12 12 39 38 58 72 73 10 8 48 13 59 55 26 88 20 6 65 44 96 4 30 78 87 100 45 58 37 55 64 12 30 89 17 10 23 36 12 76 73 46 53 52 38 39 47 62
0 0 0 0 0 0 0 0 0 0 0 0 0 0 0 0 0 0 0 70 67 48 31 76 12 79 3 50 14 5 74 26 44 101 42 12 4 96 34 46 24 27 17 61 52 100 20 39 16 48 63 76 17 13 35 75 45 101 22 42 74 95 96 79 8 89 45 5 92 40 43 76 38 80 92 5 33 95 32 32 9 83 21 68 3 8 43 48 69 52 68 51 8 22 68 38 23 28 9 16
0 0 0 0 0 0 0 0 0 0 0 0 0 0 0 0 0 0 0 0 66 12 12 29 27 76 37 47 67 58 38 82 39 97 57 23 36 17 78 38 53 50 12 24 72 54 91 57 4 23 46 38 3 21 45 84 86 68 66 61 38 92 60 20 55 80 84 3 99 51 89 9 10 55 60 97 47 15 37 9 46 62 8 16 15 30 61 56 46 9 53 94 48 41 2 86 43 16 20 62
0 0 0 0 0 0 0 0 0 0 0 0 0 0 0 0 0 0 0 0 0 85 101 63 62 71 36 6 23 11 84 15 14 94 10 57 76 15 94 87 67 85 22 73 9 15 82 16 3 101 9 97 34 8 3 94 41 79 2 37 42 101 46 65 50 41 50 91 97 3 77 23 14 27 68 3 59 94 65 41 34 77 88 24 55 49 57 45 38 14 13 29 86 30 80 21 15 74 57 38
0 0 0 0 0 0 0 0 0 0 0 0 0 0 0 0 0 0 0 0 0 0 36 69 74 45 44 49 42 7 43 94 67 10 18 20 77 65 34 50 92 58 77 51 65 88 40 15 38 38 48 86 92 25 22 2 46 98 71 5 48 74 38 14 13 98 90 47 5 44 70 55 94 66 98 29 23 67 68 21 25 94 27 52 47 13 88 24 74 5 12 34 85 42 24 6 26 4 92 53
0 0 0 0 0 0 0 0 0 0 0 0 0 0 0 0 0 0 0 0 0 0 0 22 34 76 50 7 73 54 7 73 8 44 35 64 57 9 27 83 96 65 79 39 24 87 41 30 75 88 98 8 57 12 79 16 72 52 4 83 80 98 76 69 41 34 49 10 70 93 68 17 55 30 48 78 101 92 33 57 36 32 34 62 9 26 39 32 15 76 72 69 89 91 42 60 45 17 40 6
0 0 0 0 0 0 0 0 0 0 0 0 0 0 0 0 0 0 0 0 0 0 0 0 23 3 75 55 74 5 37 95 23 25 96 99 2 82 79 25 40 19 20 43 4 7 11 29 47 6 45 32 56 58 43 100 90 78 11 30 3 88 25 42 41 89 40 62 39 32 8 52 45 92 91 83 61 32 87 82 39 25 63 59 10 65 58 39 37 85 26 77 20 100 40 86 23 74 34 63
0 0 0 0 0 0 0 0 0 0 0 0 0 0 0 0 0 0 0 0 0 0 0 0 0 57 101 12 87 4 18 70 49 47 9 58 49 97 3 62 23 86 4 46 3 63 77 64 5 98 56 29 21 81 90 72 3 5 41 25 37 80 49 16 2 67 98 70 72 18 26 24 2 3 20 31 61 67 48 23 37 100 99 36 48 40 79 21 72 5 44 100 89 5 84 87 51 5 75 75
0 0 0 0 0 0 0 0 0 0 0 0 0 0 0 0 0 0 0 0 0 0 0 0 0 0 65 93 25 45 10 5 74 57 67 24 28 60 65 87 57 8 90 20 73 88 39 99 34 57 61 5 13 73 22 44 59 41 31 20 92 19 78 13 82 55 100 53 69 17 49 15 56 42 64 50 55 18 35 100 94 99 12 97 54 25 37 52 40 60 22 4 59 95 32 87 8 76 61 92
0 0 0 0 0 0 0 0 0 0 0 0 0 0 0 0 0 0 0 0 0 0 0 0 0 0 0 54 95 45 100 101 83 83 27 80 53 80 50 61 4 84 77 43 42 15 4 17 44 36 62 76 55 44 46 35 35 98 79 79 40 14 67 31 100 45 59 38 17 34 24 42 24 54 62 39 36 33 3 62 6 16 79 7 62 58 45 43 82 67 34 95 50 26 77 16 78 69 56 89
0 0 0 0 0 0 0 0 0 0 0 0 0 0 0 0 0 0 0 0 0 0 0 0 0 0 0 0 55 51 59 71 22 51 29 79 18 44 42 44 101 72 19 72 38 42 66 79 36 97 79 69 10 3 90 14 9 84 9 27 78 94 4 18 41 80 98 60 93 13 100 77 29 89 15 10 92 90 60 30 9 32 97 40 61 21 34 50 7 53 18 23 40 61 49 88 52 31 24 99
0 0 0 0 0 0 0 0 0 0 0 0 0 0 0 0 0 0 0 0 0 0 0 0 0 0 0 0 0 47 39 86 31 57 21 7 41 75 89 83 69 51 12 45 75 23 41 74 77 67 24 84 41 44 25 37 53 9 14 78 84 6 100 62 95 70 38 20 22 38 84 86 28 41 82 70 52 31 87 22 97 77 84 10 2 33 29 78 89 63 3 42 78 11 31 49 91 85 99 8
0 0 0 0 0 0 0 0 0 0 0 0 0 0 0 0 0 0 0 0 0 0 0 0 0 0 0 0 0 0 39 46 7 83 60 32 69 99 101 26 41 2 89 26 47 61 21 100 39 19 97 27 52 62 3 18 88 89 68 29 15 55 66 92 96 52 10 65 82 18 19 49 36 35 26 63 74 36 45 47 3 19 51 54 42 50 16 94 53 24 78 32 77 56 85 57 68 93 59 66
0 0 0 0 0 0 0 0 0 0 0 0 0 0 0 0 0 0 0 0 0 0 0 0 0 0 0 0 0 0 0 20 81 75 92 81 41 53 63 63 48 25 52 81 13 72 30 62 58 77 66 10 95 62 38 16 6 13 98 40 49 70 47 74 27 31 100 49 44 3 38 39 99 47 64 10 87 48 99 13 31 94 21 52 58 16 54 2 23 6 39 28 16 31 68 66 78 76 94 82
0 0 0 0 0 0 0 0 0 0 0 0 0 0 0 0 0 0 0 0 0 0 0 0 0 0 0 0 0 0 0 0 70 61 59 91 10 39 4 95 26 48 34 30 20 79 21 76 15 97 43 40 91 51 21 89 60 24 19 99 100 85 98 75 40 43 93 62 96 16 101 87 77 66 47 93 5 78 82 6 9 71 26 7 23 54 27 13 5 93 56 29 50 5 57 86 62 55 13 44
0 0 0 0 0 0 0 0 0 0 0 0 0 0 0 0 0 0 0 0 0 0 0 0 0 0 0 0 0 0 0 0 0 19 6 11 91 54 30 32 72 88 47 67 8 30 34 49 35 88 29 18 67 60 11 36 63 98 98 52 66 24 78 70 20 24 82 17 63 41 37 34 47 71 64 59 91 100 94 39 92 83 98 79 52 98 15 57 53 74 14 38 2 43 92 16 58 66 24 53
0 0 0 0 0 0 0 0 0 0 0 0 0 0 0 0 0 0 0 0 0 0 0 0 0 0 0 0 0 0 0 0 0 0 97 68 30 18 100 48 75 62 99 78 53 32 93 21 100 35 55 26 51 57 28 14 79 61 94 70 53 38 95 85 55 88 40 67 18 27 80 21 29 34 75 12 67 88 83 28 50 11 66 49 24 40 67 21 59 6 67 71 93 71 85 46 13 71 68 24
0 0 0 0 0 0 0 0 0 0 0 0 0 0 0 0 0 0 0 0 0 0 0 0 0 0 0 0 0 0 0 0 0 0 0 74 78 64 91 94 66 14 82 68 24 7 53 34 23 32 64 77 27 27 84 39 30 69 44 6 83 32 28 17 16 99 46 26 27 97 82 47 34 67 63 34 15 43 88 95 35 101 59 7 34 46 65 15 84 62 89 79 39 4 72 33 94 31 49 74
0 0 0 0 0 0 0 0 0 0 0 0 0 0 0 0 0 0 0 0 0 0 0 0 0 0 0 0 0 0 0 0 0 0 0 0 77 86 64 50 71 32 71 69 91 24 24 92 9 65 98 73 33 21 28 5 80 83 79 36 98 21 40 57 80 59 59 76 68 61 13 94 93 43 96 89 39 87 32 79 18 94 55 73 70 10 53 31 32 14 50 17 19 86 24 71 94 12 9 30
0 0 0 0 0 0 0 0 0 0 0 0 0 0 0 0 0 0 0 0 0 0 0 0 0 0 0 0 0 0 0 0 0 0 0 0 0 57 38 82 78 36 98 73 40 54 77 21 17 81 41 65 79 86 34 59 71 86 75 69 60 2 72 15 67 5 27 30 47 17 19 69 30 55 99 51 98 94 36 82 7 26 42 24 72 13 72 55 27 98 31 60 65 27 16 2 63 4 71 54
0 0 0 0 0 0 0 0 0 0 0 0 0 0 0 0 0 0 0 0 0 0 0 0 0 0 0 0 0 0 0 0 0 0 0 0 0 0 30 35 18 53 21 99 76 30 66 68 46 97 71 51 91 100 64 38 22 87 90 83 60 36 58 44 13 23 61 81 16 40 96 49 25 32 15 12 54 4 10 3 88 85 58 97 22 25 68 96 30 53 18 57 25 49 100 88 51 90 97 17
0 0 0 0 0 0 0 0 0 0 0 0 0 0 0 0 0 0 0 0 0 0 0 0 0 0 0 0 0 0 0 0 0 0 0 0 0 0 0 18 21 28 12 37 18 44 54 96 92 83 58 63 60 85 67 93 87 56 55 16 37 89 4 19 40 96 58 65 6 9 93 9 94 41 28 16 80 16 26 57 72 31 19 75 88 32 6 50 10 93 95 78 6 36 89 69 68 86 50 89
0 0 0 0 0 0 0 0 0 0 0 0 0 0 0 0 0 0 0 0 0 0 0 0 0 0 0 0 0 0 0 0 0 0 0 0 0 0 0 0 22 46 85 13 77 99 65 45 54 28 77 91 47 21 2 21 56 30 17 77 83 100 37 60 19 96 27 73 63 56 44 38 4 56 33 74 21 77 68 47 38 65 27 53 59 93 67 26 78 55 10 44 55 27 60 42 88 97 25 31
0 0 0 0 0 0 0 0 0 0 0 0 0 0 0 0 0 0 0 0 0 0 0 0 0 0 0 0 0 0 0 0 0 0 0 0 0 0 0 0 0 29 11 88 3 95 75 91 14 39 11 37 55 83 90 66 16 19 55 70 61 63 96 30 84 73 21 6 30 71 97 4 15 14 47 4 40 24 94 51 17 85 8 39 93 96 91 19 97 91 14 7 63 65 92 89 12 85 20 39
0 0 0 0 0 0 0 0 0 0 0 0 0 0 0 0 0 0 0 0 0 0 0 0 0 0 0 0 0 0 0 0 0 0 0 0 0 0 0 0 0 0 79 8 75 37 19 73 24 30 52 32 74 45 98 73 81 84 15 52 33 98 51 11 101 39 14 36 61 52 66 37 39 22 92 68 97 73 15 52 86 13 96 14 44 38 25 50 17 55 83 70 60 82 87 27 32 85 39 92
0 0 0 0 0 0 0 0 0 0 0 0 0 0 0 0 0 0 0 0 0 0 0 0 0 0 0 0 0 0 0 0 0 0 0 0 0 0 0 0 0 0 0 82 5 55 64 12 13 4 87 50 73 39 46 94 72 14 68 9 60 65 32 26 58 84 63 53 57 42 19 98 55 64 57 30 56 76 62 15 69 68 14 80 83 97 89 9 79 45 50 27 42 16 52 92 49 99 20 61
0 0 0 0 0 0 0 0 0 0 0 0 0 0 0 0 0 0 0 0 0 0 0 0 0 0 0 0 0 0 0 0 0 0 0 0 0 0 0 0 0 0 0 0 21 36 13 61 12 43 82 51 80 60 17 72 26 76 16 46 15 57 61 76 77 9 45 22 69 62 75 34 15 55 37 30 35 72 82 93 48 41 75 9 11 21 35 90 95 2 87 23 42 28 88 95 47 81 36 70
0 0 0 0 0 0 0 0 0 0 0 0 0 0 0 0 0 0 0 0 0 0 0 0 0 0 0 0 0 0 0 0 0 0 0 0 0 0 0 0 0 0 0 0 0 88 22 66 22 84 26 63 26 41 23 49 26 23 83 92 23 71 99 4 85 84 18 85 5 54 4 20 28 97 20 82 66 81 80 73 9 28 56 93 57 81 33 92 55 11 52 36 90 43 29 100 71 77 95 94
0 0 0 0 0 0 0 0 0 0 0 0 0 0 0 0 0 0 0 0 0 0 0 0 0 0 0 0 0 0 0 0 0 0 0 0 0 0 0 0 0 0 0 0 0 0 63 33 38 98 21 45 64 41 73 29 79 89 74 18 91 45 32 24 98 77 29 61 61 17 79 10 63 22 87 14 96 6 22 11 74 81 79 94 55 42 46 46 90 29 94 54 70 83 41 54 75 53 86 42
0 0 0 0 0 0 0 0 0 0 0 0 0 0 0 0 0 0 0 0 0 0 0 0 0 0 0 0 0 0 0 0 0 0 0 0 0 0 0 0 0 0 0 0 0 0 0 43 54 63 13 9 51 61 93 55 88 80 89 45 29 82 24 87 3 45 18 73 46 56 27 32 57 78 96 64 12 41 55 96 93 31 38 10 65 43 21 66 89 80 55 65 69 83 2 31 19 41 65 56
0 0 0 0 0 0 0 0 0 0 0 0 0 0 0 0 0 0 0 0 0 0 0 0 0 0 0 0 0 0 0 0 0 0 0 0 0 0 0 0 0 0 0 0 0 0 0 0 8 74 14 77 48 87 100 74 50 28 44 13 72 50 51 87 17 37 32 48 68 71 73 31 85 48 24 40 52 60 61 46 100 6 95 81 79 14 75 57 75 80 22 2 95 9 79 5 46 7 75 80
0 0 0 0 0 0 0 0 0 0 0 0 0 0 0 0 0 0 0 0 0 0 0 0 0 0 0 0 0 0 0 0 0 0 0 0 0 0 0 0 0 0 0 0 0 0 0 0 0 68 38 60 2 84 100 5 37 31 5 4 50 26 52 62 29 94 58 15 20 72 95 85 81 79 31 71 24 38 7 19 96 86 7 14 69 70 20 9 17 84 41 59 8 80 98 36 66 94 32 78
0 0 0 0 0 0 0 0 0 0 0 0 0 0 0 0 0 0 0 0 0 0 0 0 0 0 0 0 0 0 0 0 0 0 0 0 0 0 0 0 0 0 0 0 0 0 0 0 0 0 7 19 36 62 65 96 88 84 54 96 74 27 38 37 54 77 44 27 68 13 43 57 9 13 90 99 10 53 74 77 30 31 44 30 28 11 45 15 87 80 71 24 56 55 3 14 60 93 26 99
0 0 0 0 0 0 0 0 0 0 0 0 0 0 0 0 0 0 0 0 0 0 0 0 0 0 0 0 0 0 0 0 0 0 0 0 0 0 0 0 0 0 0 0 0 0 0 0 0 0 0 64 64 7 81 15 35 58 2 81 4 44 23 37 88 85 27 10 25 23 76 75 76 45 94 73 7 69 85 82 82 40 66 74 29 90 94 35 22 47 88 46 3 84 43 70 3 98 92 84
0 0 0 0 0 0 0 0 0 0 0 0 0 0 0 0 0 0 0 0 0 0 0 0 0 0 0 0 0 0 0 0 0 0 0 0 0 0 0 0 0 0 0 0 0 0 0 0 0 0 0 0 96 73 16 77 31 5 79 24 99 37 5 48 29 20 23 72 100 95 37 38 22 94 87 80 56 94 18 70 14 41 54 79 81 17 25 54 59 33 19 39 75 46 101 95 90 94 33 101
0 0 0 0 0 0 0 0 0 0 0 0 0 0 0 0 0 0 0 0 0 0 0 0 0 0 0 0 0 0 0 0 0 0 0 0 0 0 0 0 0 0 0 0 0 0 0 0 0 0 0 0 0 74 77 58 82 42 27 41 3 80 77 42 93 59 88 85 32 38 73 78 68 57 54 7 57 31 66 63 84 4 93 65 36 44 11 24 13 16 97 96 38 77 73 80 45 93 48 74
0 0 0 0 0 0 0 0 0 0 0 0 0 0 0 0 0 0 0 0 0 0 0 0 0 0 0 0 0 0 0 0 0 0 0 0 0 0 0 0 0 0 0 0 0 0 0 0 0 0 0 0 0 0 38 48 77 40 63 71 37 58 94 47 14 18 83 47 90 50 49 8 50 4 44 64 24 83 6 9 92 98 28 17 20 67 58 51 49 36 75 85 64 69 88 59 96 11 64 53
0 0 0 0 0 0 0 0 0 0 0 0 0 0 0 0 0 0 0 0 0 0 0 0 0 0 0 0 0 0 0 0 0 0 0 0 0 0 0 0 0 0 0 0 0 0 0 0 0 0 0 0 0 0 0 15 51 79 15 50 60 17 7 16 39 35 45 48 68 44 87 44 100 48 66 16 47 29 53 39 37 84 73 31 44 14 43 91 7 17 26 89 62 78 3 24 20 73 100 54
0 0 0 0 0 0 0 0 0 0 0 0 0 0 0 0 0 0 0 0 0 0 0 0 0 0 0 0 0 0 0 0 0 0 0 0 0 0 0 0 0 0 0 0 0 0 0 0 0 0 0 0 0 0 0 0 51 21 36 42 13 58 17 38 38 94 24 65 19 79 12 39 86 92 60 25 9 52 11 56 52 29 8 54 37 83 40 5 24 13 59 42 14 60 87 68 71 100 98 29
0 0 0 0 0 0 0 0 0 0 0 0 0 0 0 0 0 0 0 0 0 0 0 0 0 0 0 0 0 0 0 0 0 0 0 0 0 0 0 0 0 0 0 0 0 0 0 0 0 0 0 0 0 0 0 0 0 63 35 41 28 86 53 70 32 27 77 22 101 20 61 47 69 95 80 25 56 66 8 61 19 22 56 38 16 101 4 31 60 39 60 79 80 51 40 91 35 48 30 35
0 0 0 0 0 0 0 0 0 0 0 0 0 0 0 0 0 0 0 0 0 0 0 0 0 0 0 0 0 0 0 0 0 0 0 0 0 0 0 0 0 0 0 0 0 0 0 0 0 0 0 0 0 0 0 0 0 0 95 81 77 23 52 62 26 49 49 15 29 4 45 43 71 57 92 91 31 76 89 39 47 99 55 28 91 31 15 52 25 37 53 21 76 55 64 33 19 25 14 45
0 0 0 0 0 0 0 0 0 0 0 0 0 0 0 0 0 0 0 0 0 0 0 0 0 0 0 0 0 0 0 0 0 0 0 0 0 0 0 0 0 0 0 0 0 0 0 0 0 0 0 0 0 0 0 0 0 0 0 84 38 5 54 84 95 70 18 59 81 23 81 15 69 66 35 76 13 58 44 87 16 69 93 15 79 63 100 61 14 80 13 4 22 18 42 76 75 37 42 7
0 0 0 0 0 0 0 0 0 0 0 0 0 0 0 0 0 0 0 0 0 0 0 0 0 0 0 0 0 0 0 0 0 0 0 0 0 0 0 0 0 0 0 0 0 0 0 0 0 0 0 0 0 0 0 0 0 0 0 0 34 100 12 72 98 87 12 29 96 76 5 9 9 27 27 100 40 85 46 35 13 88 90 49 20 61 63 68 86 37 19 51 43 79 27 7 71 77 100 99
0 0 0 0 0 0 0 0 0 0 0 0 0 0 0 0 0 0 0 0 0 0 0 0 0 0 0 0 0 0 0 0 0 0 0 0 0 0 0 0 0 0 0 0 0 0 0 0 0 0 0 0 0 0 0 0 0 0 0 0 0 54 67 70 2 54 47 49 87 78 57 90 69 46 25 37 75 34 55 13 28 42 88 44 68 47 11 53 11 18 69 78 93 22 100 98 51 81 83 7
0 0 0 0 0 0 0 0 0 0 0 0 0 0 0 0 0 0 0 0 0 0 0 0 0 0 0 0 0 0 0 0 0 0 0 0 0 0 0 0 0 0 0 0 0 0 0 0 0 0 0 0 0 0 0 0 0 0 0 0 0 0 19 80 94 37 11 70 82 43 86 6 59 47 55 26 2 16 41 85 80 39 56 87 29 81 65 23 21 14 45 85 49 60 12 47 32 88 42 28
0 0 0 0 0 0 0 0 0 0 0 0 0 0 0 0 0 0 0 0 0 0 0 0 0 0 0 0 0 0 0 0 0 0 0 0 0 0 0 0 0 0 0 0 0 0 0 0 0 0 0 0 0 0 0 0 0 0 0 0 0 0 0 57 7 43 82 94 5 75 38 96 59 77 57 81 92 45 8 69 31 49 74 39 99 77 30 85 77 24 41 52 60 55 78 48 29 79 43 41
0 0 0 0 0 0 0 0 0 0 0 0 0 0 0 0 0 0 0 0 0 0 0 0 0 0 0 0 0 0 0 0 0 0 0 0 0 0 0 0 0 0 0 0 0 0 0 0 0 0 0 0 0 0 0 0 0 0 0 0 0 0 0 0 57 98 55 56 34 78 101 14 73 88 56 40 81 2 21 68 56 63 84 100 83 44 8 5 60 98 79 66 41 18 42 52 30 71 70 23
0 0 0 0 0 0 0 0 0 0 0 0 0 0 0 0 0 0 0 0 0 0 0 0 0 0 0 0 0 0 0 0 0 0 0 0 0 0 0 0 0 0 0 0 0 0 0 0 0 0 0 0 0 0 0 0 0 0 0 0 0 0 0 0 0 65 39 6 37 78 26 41 46 41 79 94 2 53 32 75 12 71 95 81 54 57 73 65 70 62 95 82 98 40 48 37 77 81 42 50
0 0 0 0 0 0 0 0 0 0 0 0 0 0 0 0 0 0 0 0 0 0 0 0 0 0 0 0 0 0 0 0 0 0 0 0 0 0 0 0 0 0 0 0 0 0 0 0 0 0 0 0 0 0 0 0 0 0 0 0 0 0 0 0 0 0 73 27 6 77 100 41 24 51 10 33 5 101 89 52 30 20 18 71 56 90 8 84 83 94 45 82 7 74 19 36 75 43 87 37
0 0 0 0 0 0 0 0 0 0 0 0 0 0 0 0 0 0 0 0 0 0 0 0 0 0 0 0 0 0 0 0 0 0 0 0 0 0 0 0 0 0 0 0 0 0 0 0 0 0 0 0 0 0 0 0 0 0 0 0 0 0 0 0 0 0 0 31 8 97 75 13 80 42 33 3 57 12 45 80 61 94 12 51 66 8 45 40 38 48 94 56 100 25 60 96 69 32 62 84
0 0 0 0 0 0 0 0 0 0 0 0 0 0 0 0 0 0 0 0 0 0 0 0 0 0 0 0 0 0 0 0 0 0 0 0 0 0 0 0 0 0 0 0 0 0 0 0 0 0 0 0 0 0 0 0 0 0 0 0 0 0 0 0 0 0 0 0 28 31 22 50 61 49 97 94 95 31 85 46 28 27 61 67 67 59 47 73 29 89 15 22 39 67 39 16 63 90 90 35
0 0 0 0 0 0 0 0 0 0 0 0 0 0 0 0 0 0 0 0 0 0 0 0 0 0 0 0 0 0 0 0 0 0 0 0 0 0 0 0 0 0 0 0 0 0 0 0 0 0 0 0 0 0 0 0 0 0 0 0 0 0 0 0 0 0 0 0 0 9 57 55 74 74 84 96 50 38 11 15 101 31 29 91 46 75 29 81 70 61 88 42 69 11 82 6 30 45 99 4
0 0 0 0 0 0 0 0 0 0 0 0 0 0 0 0 0 0 0 0 0 0 0 0 0 0 0 0 0 0 0 0 0 0 0 0 0 0 0 0 0 0 0 0 0 0 0 0 0 0 0 0 0 0 0 0 0 0 0 0 0 0 0 0 0 0 0 0 0 0 71 35 38 5 52 12 93 73 23 83 15 17 15 82 87 12 95 54 57 88 11 12 93 6 6 77 58 37 24 89
0 0 0 0 0 0 0 0 0 0 0 0 0 0 0 0 0 0 0 0 0 0 0 0 0 0 0 0 0 0 0 0 0 0 0 0 0 0 0 0 0 0 0 0 0 0 0 0 0 0 0 0 0 0 0 0 0 0 0 0 0 0 0 0 0 0 0 0 0 0 0 55 26 73 37 58 68 65 42 10 81 3 75 46 12 85 77 82 71 100 85 33 55 82 23 43 48 32 17 20
0 0 0 0 0 0 0 0 0 0 0 0 0 0 0 0 0 0 0 0 0 0 0 0 0 0 0 0 0 0 0 0 0 0 0 0 0 0 0 0 0 0 0 0 0 0 0 0 0 0 0 0 0 0 0 0 0 0 0 0 0 0 0 0 0 0 0 0 0 0 0 0 33 69 19 10 88 33 67 69 50 20 12 56 89 57 47 24 45 92 94 6 52 71 89 48 55 17 47 45
0 0 0 0 0 0 0 0 0 0 0 0 0 0 0 0 0 0 0 0 0 0 0 0 0 0 0 0 0 0 0 0 0 0 0 0 0 0 0 0 0 0 0 0 0 0 0 0 0 0 0 0 0 0 0 0 0 0 0 0 0 0 0 0 0 0 0 0 0 0 0 0 0 4 97 71 29 65 11 82 47 88 9 19 61 9 30 36 33 32 13 49 87 70 90 20 49 41 97 30
0 0 0 0 0 0 0 0 0 0 0 0 0 0 0 0 0 0 0 0 0 0 0 0 0 0 0 0 0 0 0 0 0 0 0 0 0 0 0 0 0 0 0 0 0 0 0 0 0 0 0 0 0 0 0 0 0 0 0 0 0 0 0 0 0 0 0 0 0 0 0 0 0 0 36 60 85 2 60 63 65 79 35 13 91 29 31 44 73 80 97 8 5 80 79 9 13 32 50 37
0 0 0 0 0 0 0 0 0 0 0 0 0 0 0 0 0 0 0 0 0 0 0 0 0 0 0 0 0 0 0 0 0 0 0 0 0 0 0 0 0 0 0 0 0 0 0 0 0 0 0 0 0 0 0 0 0 0 0 0 0 0 0 0 0 0 0 0 0 0 0 0 0 0 0 47 58 6 58 98 58 38 54 34 57 65 6 83 40 67 28 46 89 94 89 82 96 27 89 14
0 0 0 0 0 0 0 0 0 0 0 0 0 0 0 0 0 0 0 0 0 0 0 0 0 0 0 0 0 0 0 0 0 0 0 0 0 0 0 0 0 0 0 0 0 0 0 0 0 0 0 0 0 0 0 0 0 0 0 0 0 0 0 0 0 0 0 0 0 0 0 0 0 0 0 0 23 52 94 68 52 88 80 56 37 13 12 71 12 64 19 80 38 16 97 35 37 32 50 27
0 0 0 0 0 0 0 0 0 0 0 0 0 0 0 0 0 0 0 0 0 0 0 0 0 0 0 0 0 0 0 0 0 0 0 0 0 0 0 0 0 0 0 0 0 0 0 0 0 0 0 0 0 0 0 0 0 0 0 0 0 0 0 0 0 0 0 0 0 0 0 0 0 0 0 0 0 39 43 13 50 11 6 85 86 72 59 87 86 79 97 5 65 13 66 76 100 22 81 84
0 0 0 0 0 0 0 0 0 0 0 0 0 0 0 0 0 0 0 0 0 0 0 0 0 0 0 0 0 0 0 0 0 0 0 0 0 0 0 0 0 0 0 0 0 0 0 0 0 0 0 0 0 0 0 0 0 0 0 0 0 0 0 0 0 0 0 0 0 0 0 0 0 0 0 0 0 0 65 40 18 51 48 54 83 16 75 28 69 95 97 26 98 8 80 79 27 2 79 83
0 0 0 0 0 0 0 0 0 0 0 0 0 0 0 0 0 0 0 0 0 0 0 0 0 0 0 0 0 0 0 0 0 0 0 0 0 0 0 0 0 0 0 0 0 0 0 0 0 0 0 0 0 0 0 0 0 0 0 0 0 0 0 0 0 0 0 0 0 0 0 0 0 0 0 0 0 0 0 4 65 35 3 91 15 9 60 82 83 63 61 51 58 45 26 78 33 41 21 85
0 0 0 0 0 0 0 0 0 0 0 0 0 0 0 0 0 0 0 0 0 0 0 0 0 0 0 0 0 0 0 0 0 0 0 0 0 0 0 0 0 0 0 0 0 0 0 0 0 0 0 0 0 0 0 0 0 0 0 0 0 0 0 0 0 0 0 0 0 0 0 0 0 0 0 0 0 0 0 0 94 75 66 26 69 21 53 68 51 19 6 77 70 16 7 75 58 92 81 28
0 0 0 0 0 0 0 0 0 0 0 0 0 0 0 0 0 0 0 0 0 0 0 0 0 0 0 0 0 0 0 0 0 0 0 0 0 0 0 0 0 0 0 0 0 0 0 0 0 0 0 0 0 0 0 0 0 0 0 0 0 0 0 0 0 0 0 0 0 0 0 0 0 0 0 0 0 0 0 0 0 82 85 13 56 56 94 82 18 65 24 68 40 82 16 76 57 70 11 4
0 0 0 0 0 0 0 0 0 0 0 0 0 0 0 0 0 0 0 0 0 0 0 0 0 0 0 0 0 0 0 0 0 0 0 0 0 0 0 0 0 0 0 0 0 0 0 0 0 0 0 0 0 0 0 0 0 0 0 0 0 0 0 0 0 0 0 0 0 0 0 0 0 0 0 0 0 0 0 0 0 0 59 93 7 33 56 28 35 11 83 100 59 56 71 25 99 85 32 78
0 0 0 0 0 0 0 0 0 0 0 0 0 0 0 0 0 0 0 0 0 0 0 0 0 0 0 0 0 0 0 0 0 0 0 0 0 0 0 0 0 0 0 0 0 0 0 0 0 0 0 0 0 0 0 0 0 0 0 0 0 0 0 0 0 0 0 0 0 0 0 0 0 0 0 0 0 0 0 0 0 0 0 71 28 96 81 3 59 39 17 30 44 50 60 57 38 19 97 80
0 0 0 0 0 0 0 0 0 0 0 0 0 0 0 0 0 0 0 0 0 0 0 0 0 0 0 0 0 0 0 0 0 0 0 0 0 0 0 0 0 0 0 0 0 0 0 0 0 0 0 0 0 0 0 0 0 0 0 0 0 0 0 0 0 0 0 0 0 0 0 0 0 0 0 0 0 0 0 0 0 0 0 0 41 9 74 57 18 58 85 45 62 28 77 26 98 91 37 52
0 0 0 0 0 0 0 0 0 0 0 0 0 0 0 0 0 0 0 0 0 0 0 0 0 0 0 0 0 0 0 0 0 0 0 0 0 0 0 0 0 0 0 0 0 0 0 0 0 0 0 0 0 0 0 0 0 0 0 0 0 0 0 0 0 0 0 0 0 0 0 0 0 0 0 0 0 0 0 0 0 0 0 0 0 72 36 30 96 9 70 6 70 16 98 2 8 98 64 30
0 0 0 0 0 0 0 0 0 0 0 0 0 0 0 0 0 0 0 0 0 0 0 0 0 0 0 0 0 0 0 0 0 0 0 0 0 0 0 0 0 0 0 0 0 0 0 0 0 0 0 0 0 0 0 0 0 0 0 0 0 0 0 0 0 0 0 0 0 0 0 0 0 0 0 0 0 0 0 0 0 0 0 0 0 0 16 91 92 38 9 22 60 67 44 58 34 31 90 27
0 0 0 0 0 0 0 0 0 0 0 0 0 0 0 0 0 0 0 0 0 0 0 0 0 0 0 0 0 0 0 0 0 0 0 0 0 0 0 0 0 0 0 0 0 0 0 0 0 0 0 0 0 0 0 0 0 0 0 0 0 0 0 0 0 0 0 0 0 0 0 0 0 0 0 0 0 0 0 0 0 0 0 0 0 0 0 57 54 53 73 75 55 57 73 77 27 2 14 36
0 0 0 0 0 0 0 0 0 0 0 0 0 0 0 0 0 0 0 0 0 0 0 0 0 0 0 0 0 0 0 0 0 0 0 0 0 0 0 0 0 0 0 0 0 0 0 0 0 0 0 0 0 0 0 0 0 0 0 0 0 0 0 0 0 0 0 0 0 0 0 0 0 0 0 0 0 0 0 0 0 0 0 0 0 0 0 0 57 93 45 14 63 17 13 28 36 58 81 83
0 0 0 0 0 0 0 0 0 0 0 0 0 0 0 0 0 0 0 0 0 0 0 0 0 0 0 0 0 0 0 0 0 0 0 0 0 0 0 0 0 0 0 0 0 0 0 0 0 0 0 0 0 0 0 0 0 0 0 0 0 0 0 0 0 0 0 0 0 0 0 0 0 0 0 0 0 0 0 0 0 0 0 0 0 0 0 0 0 50 9 20 32 63 70 27 11 89 101 73
0 0 0 0 0 0 0 0 0 0 0 0 0 0 0 0 0 0 0 0 0 0 0 0 0 0 0 0 0 0 0 0 0 0 0 0 0 0 0 0 0 0 0 0 0 0 0 0 0 0 0 0 0 0 0 0 0 0 0 0 0 0 0 0 0 0 0 0 0 0 0 0 0 0 0 0 0 0 0 0 0 0 0 0 0 0 0 0 0 0 12 47 29 8 85 99 53 39 8 69
0 0 0 0 0 0 0 0 0 0 0 0 0 0 0 0 0 0 0 0 0 0 0 0 0 0 0 0 0 0 0 0 0 0 0 0 0 0 0 0 0 0 0 0 0 0 0 0 0 0 0 0 0 0 0 0 0 0 0 0 0 0 0 0 0 0 0 0 0 0 0 0 0 0 0 0 0 0 0 0 0 0 0 0 0 0 0 0 0 0 0 52 31 80 65 38 68 65 79 13
0 0 0 0 0 0 0 0 0 0 0 0 0 0 0 0 0 0 0 0 0 0 0 0 0 0 0 0 0 0 0 0 0 0 0 0 0 0 0 0 0 0 0 0 0 0 0 0 0 0 0 0 0 0 0 0 0 0 0 0 0 0 0 0 0 0 0 0 0 0 0 0 0 0 0 0 0 0 0 0 0 0 0 0 0 0 0 0 0 0 0 0 73 34 23 64 70 88 57 27
0 0 0 0 0 0 0 0 0 0 0 0 0 0 0 0 0 0 0 0 0 0 0 0 0 0 0 0 0 0 0 0 0 0 0 0 0 0 0 0 0 0 0 0 0 0 0 0 0 0 0 0 0 0 0 0 0 0 0 0 0 0 0 0 0 0 0 0 0 0 0 0 0 0 0 0 0 0 0 0 0 0 0 0 0 0 0 0 0 0 0 0 0 46 4 13 26 2 67 75
0 0 0 0 0 0 0 0 0 0 0 0 0 0 0 0 0 0 0 0 0 0 0 0 0 0 0 0 0 0 0 0 0 0 0 0 0 0 0 0 0 0 0 0 0 0 0 0 0 0 0 0 0 0 0 0 0 0 0 0 0 0 0 0 0 0 0 0 0 0 0 0 0 0 0 0 0 0 0 0 0 0 0 0 0 0 0 0 0 0 0 0 0 0 77 5 63 65 56 69
0 0 0 0 0 0 0 0 0 0 0 0 0 0 0 0 0 0 0 0 0 0 0 0 0 0 0 0 0 0 0 0 0 0 0 0 0 0 0 0 0 0 0 0 0 0 0 0 0 0 0 0 0 0 0 0 0 0 0 0 0 0 0 0 0 0 0 0 0 0 0 0 0 0 0 0 0 0 0 0 0 0 0 0 0 0 0 0 0 0 0 0 0 0 0 11 55 7 23 62
0 0 0 0 0 0 0 0 0 0 0 0 0 0 0 0 0 0 0 0 0 0 0 0 0 0 0 0 0 0 0 0 0 0 0 0 0 0 0 0 0 0 0 0 0 0 0 0 0 0 0 0 0 0 0 0 0 0 0 0 0 0 0 0 0 0 0 0 0 0 0 0 0 0 0 0 0 0 0 0 0 0 0 0 0 0 0 0 0 0 0 0 0 0 0 0 97 32 37 82
0 0 0 0 0 0 0 0 0 0 0 0 0 0 0 0 0 0 0 0 0 0 0 0 0 0 0 0 0 0 0 0 0 0 0 0 0 0 0 0 0 0 0 0 0 0 0 0 0 0 0 0 0 0 0 0 0 0 0 0 0 0 0 0 0 0 0 0 0 0 0 0 0 0 0 0 0 0 0 0 0 0 0 0 0 0 0 0 0 0 0 0 0 0 0 0 0 23 70 89
0 0 0 0 0 0 0 0 0 0 0 0 0 0 0 0 0 0 0 0 0 0 0 0 0 0 0 0 0 0 0 0 0 0 0 0 0 0 0 0 0 0 0 0 0 0 0 0 0 0 0 0 0 0 0 0 0 0 0 0 0 0 0 0 0 0 0 0 0 0 0 0 0 0 0 0 0 0 0 0 0 0 0 0 0 0 0 0 0 0 0 0 0 0 0 0 0 0 55 51
0 0 0 0 0 0 0 0 0 0 0 0 0 0 0 0 0 0 0 0 0 0 0 0 0 0 0 0 0 0 0 0 0 0 0 0 0 0 0 0 0 0 0 0 0 0 0 0 0 0 0 0 0 0 0 0 0 0 0 0 0 0 0 0 0 0 0 0 0 0 0 0 0 0 0 0 0 0 0 0 0 0 0 0 0 0 0 0 0 0 0 0 0 0 0 0 0 0 0 63
0 0 0 0 0 0 0 0 0 0 0 0 0 0 0 0 0 0 0 0 0 0 0 0 0 0 0 0 0 0 0 0 0 0 0 0 0 0 0 0 0 0 0 0 0 0 0 0 0 0 0 0 0 0 0 0 0 0 0 0 0 0 0 0 0 0 0 0 0 0 0 0 0 0 0 0 0 0 0 0 0 0 0 0 0 0 0 0 0 0 0 0 0 0 0 0 0 0 0 0